version https://git-lfs.github.com/spec/v1
oid sha256:86ff25d744d490eefa879995f59bb7b2dbee2e9a97d83d8f9074defb01e0b150
size 689
