"Unidad médica","Estado","Institución","CLUES","% de Ocupación"
"Hgz 49 Los Mochis","Sinaloa","IMSS","SLIMS000020","100"
"Hgr 220 Toluca","México","IMSS","MCIMS000816","100"
"Hgzmf 4 Cd. Carmen","Campeche","IMSS","CCIMS000045","100"
"Hes 14 Cmn Verac","Veracruz de Ignacio de La Llave","IMSS","VZIMS001112","100"
"Hgz 98 Coacalco","México","IMSS","MCIMS000080","100"
"Hgz 53 Los Reyes Paz","México","IMSS","MCIMS000676","100"
"Hospital Regional de Alta Especialidad Dr. Gustavo A. Rovirosa Pérez","Tabasco","SSA","TCSSA001052","100"
"Hgzmf 1 Tapachula","Chiapas","IMSS","CSIMS000205","100"
"Hospital Militar Regional de Guadalajara Jal.","Jalisco","SEDENA","JCSDN000010","100"
"Hgz 13 Matamoros","Tamaulipas","IMSS","TSIMS000211","100"
"Hgzmf 8 Ensenada","Baja California","IMSS","BCIMS000011","100"
"Hgr 1 Charo","Michoacán de Ocampo","IMSS","MNIMS000605","100"
"Hgz 1 Oaxaca","Oaxaca","IMSS","OCIMS000136","100"
"Hgr 46 Guadalaja","Jalisco","IMSS","JCIMS000371","100"
"Hgz 24 Insurgentes","Ciudad de México","IMSS","DFIMS000225","100"
"Hes Cm La Raza","Ciudad de México","IMSS","DFIMS000020","100"
"Hospital General de Zona No.252","México","IMSS","MCIMS001200","100"
"Hc Hospital Integral Comunitario Chalcatongo","Oaxaca","SSA","OCSSA000343","100"
"Instituto Nacional de Neurología Y Neurocirugía Manuel Velasco Suárez","Ciudad de México","SSA/CC","DFSSA004060","100"
"Hgzmf 8 Cd. Sahagun","Hidalgo","IMSS","HGIMS000111","100"
"Hgz 17 Monterrey","Nuevo León","IMSS","NLIMS000356","100"
"Hgzmf 2 Monterrey","Nuevo León","IMSS","NLIMS000373","100"
"Hgp 3a Magdalena Salinas","Ciudad de México","IMSS","DFIMS000184","100"
"Hgr 72 Gustavo Baz","México","IMSS","MCIMS000746","100"
"Hgz 4 Villa Guadalupe","Nuevo León","IMSS","NLIMS000204","100"
"Hes Oblatos","Jalisco","IMSS","JCIMS000301","100"
"Hcard 34 Lincoln","Nuevo León","IMSS","NLIMS000315","100"
"Hgz 71 Chalco","México","IMSS","MCIMS000145","100"
"Hospital General Guasave","Sinaloa","SSA","SLSSA001255","100"
"Hgsmf 26 Tuxpan","Veracruz de Ignacio de La Llave","IMSS","VZIMS001071","100"
"Hgz 3 Cancun","Quintana Roo","IMSS","QRIMS000060","100"
"Hgz 21 Tepatitlan","Jalisco","IMSS","JCIMS000914","100"
"Rioverde","San Luis Potosí","ISSSTE","SPIST000096","100"
"Hgs 33 Tizayuca","Hidalgo","IMSS","HGIMS000135","100"
"Hgz 1 Tlaxcala","Tlaxcala","IMSS","TLIMS000136","100"
"Hgz 197 Texcoco","México","IMSS","MCIMS000961","100"
"Hospital Militar Regional de Mazatlán Sin.","Sinaloa","SEDENA","SLSDN000016","100"
"Hg Dr. Javier Ramírez Topete","Chihuahua","SSA","CHSSA000570","100"
"Dr. Fernando Quiroz Gutierrez","Ciudad de México","ISSSTE","DFIST000196","100"
"Hgr 17 Cancun","Quintana Roo","IMSS","QRIMS000142","100"
"Hgz 11 Piedras Negras","Coahuila de Zaragoza","IMSS","CLIMS000251","100"
"Hospital Para El Niño Imiem","México","SME","MCSME000011","100"
"Hgr 1 V. Guerrero","Guerrero","IMSS","GRIMS000013","100"
"Hgz 33 Felix U. Gomez","Nuevo León","IMSS","NLIMS000361","100"
"Hes 71 Torreon","Coahuila de Zaragoza","IMSS","CLIMS000490","100"
"Hospital General de San Luis Río Colorado","Sonora","SSA","SRSSA002085","100"
"Hospital de Especialidades  Pediatrico León","Guanajuato","SSA","GTSSA017525","100"
"Hped Cmn Siglo Xxi","Ciudad de México","IMSS","DFIMS000616","100"
"Hospital General de Zona No. 10","Colima","IMSS","CMIMS000133","100"
"Hospital General Patzcuaro","Michoacán de Ocampo","SSA","MNSSA005280","100"
"Hgr 180 Tlajomulco","Jalisco","IMSS","JCIMS001392","100"
"Hgz 71 Verac","Veracruz de Ignacio de La Llave","IMSS","VZIMS001124","100"
"Hospital Lic. Adolfo López Mateos (cd. Obregón)","Sonora","SME","SRSME000023","100"
"Hgz 4 Celaya","Guanajuato","IMSS","GTIMS000062","100"
"Hgz 1a Venados","Ciudad de México","IMSS","DFIMS000522","100"
"Hospital General de Occidente","Jalisco","SSA","JCSSA007066","100"
"Hgzmf 2 Saltillo","Coahuila de Zaragoza","IMSS","CLIMS000333","100"
"He de La Niñez Oaxaqueña","Oaxaca","SSA","OCSSA001463","100"
"Hgzmf 36 Coatzacoalcos","Veracruz de Ignacio de La Llave","IMSS","VZIMS000231","100"
"Hgzmf 23 Hidalgo Parral","Chihuahua","IMSS","CHIMS000276","100"
"Hgz 11 Jalapa","Veracruz de Ignacio de La Llave","IMSS","VZIMS000564","93"
"Hgzmf 24 Nueva Rosita","Coahuila de Zaragoza","IMSS","CLIMS000391","88"
"Hgrmf 1 Cuernavaca","Morelos","IMSS","MSIMS000054","88"
"Centro de Atencion Temporal Covid 19","Michoacán de Ocampo","IMSS","MNIMS000646","86"
"Hospital General Cadereyta","Querétaro","SSA","QTSSA000475","86"
"Hgz 194 El Molinito","México","IMSS","MCIMS000326","83"
"Hgzmf 1 Pachuca","Hidalgo","IMSS","HGIMS000082","83"
"Hospital General Regional No. 200","México","IMSS","MCIMS001171","82"
"Hes 25 Monterrey","Nuevo León","IMSS","NLIMS000303","82"
"Hgzmf 50 Lerdo Tejada","Veracruz de Ignacio de La Llave","IMSS","VZIMS000634","80"
"Bicentenario de La Independencia","México","ISSSTE","MCIST000425","79"
"Hospital General Regional No. 2 El Marques","Querétaro","IMSS","QTIMS000285","68"
"Hgs 22 N.casas Grandes","Chihuahua","IMSS","CHIMS000450","67"
"Plan de Arroyos","Veracruz de Ignacio de La Llave","IMSS-BIENESTAR","VZIMO006153","67"
"Hgsmf 2 Cd.constitucion","Baja California Sur","IMSS","BSIMS000014","67"
"Hgr 1 Queretaro","Querétaro","IMSS","QTIMS000092","67"
"Hgzmf 12 Lazaro Cardenas","Michoacán de Ocampo","IMSS","MNIMS000161","67"
"Hospital General Dr. Raymundo Abarca Alarcón","Guerrero","SSA","GRSSA009950","64"
"Hgz 1 Aguascalientes","Aguascalientes","IMSS","ASIMS000021","63"
"Hgzmf 1 Cd. Víctoria","Tamaulipas","IMSS","TSIMS000380","63"
"Hg Oaxaca Dr. Aurelio Valdivieso","Oaxaca","SSA","OCSSA000985","62"
"Hgz No. 20","Puebla","IMSS","PLIMS000586","62"
"Gral. Ignacio Zaragoza","Ciudad de México","ISSSTE","DFIST000160","61"
"Hgz 3 S. Juan del Rio","Querétaro","IMSS","QTIMS000186","60"
"Hgzmf 9 Cd. Guzman","Jalisco","IMSS","JCIMS000190","60"
"Hospital Rural de Oportunidades No. 34","Oaxaca","IMSS-BIENESTAR","OCIMO003304","60"
"Hgzmf 76 Xalostoc","México","IMSS","MCIMS000232","60"
"Hospital Infantil del Estado de Sonora","Sonora","SSA","SRSSA001105","60"
"Hgzmf 3 Mazatlan","Sinaloa","IMSS","SLIMS000341","56"
"Hospital General de México","Ciudad de México","SSA/CC","DFSSA003973","55"
"Hgr Orizaba","Veracruz de Ignacio de La Llave","IMSS","VZIMS000733","55"
"Hospital Universitario Dr. José Eleuterio González","Nuevo León","HUN","NLHUN000014","54"
"Hr_issste","Puebla","ISSSTE","PLIST000101","53"
"Hospital Metropolitano","Nuevo León","SSA","NLSSA004046","53"
"Hospital General de Mexicali","Baja California","SSA","BCSSA000440","50"
"Hgz 15 Tehuacan","Puebla","IMSS","PLIMS000405","50"
"Huautla de Jiménez","Oaxaca","IMSS-BIENESTAR","OCIMO000352","50"
"Hg Putla Amigo del Niño Y de La Madre","Oaxaca","SSA","OCSSA020655","50"
"San Luis Rio Colorado","Sonora","ISSSTE","SRIST000203","50"
"Axtla de Terrazas","San Luis Potosí","IMSS-BIENESTAR","SPIMO002475","50"
"Hgr 110 Oblatos","Jalisco","IMSS","JCIMS000354","50"
"Hgz 46 Gomez Palacio","Durango","IMSS","DGIMS000083","50"
"Hgsmf 3 Chilpancingo","Guerrero","IMSS","GRIMS000100","50"
"Hgz 68 Tulpetlac","México","IMSS","MCIMS000990","50"
"Hgz 58 Las Margaritas","México","IMSS","MCIMS000734","50"
"Cat Morelos","Ciudad de México","IMSS","DFIMS001082","48"
"Centenario Hospital Miguel Hidalgo","Aguascalientes","SSA","ASSSA001331","48"
"Hgz 11 Nuevo Laredo","Tamaulipas","IMSS","TSIMS000276","47"
"Hgzmf 18 Torreon","Coahuila de Zaragoza","IMSS","CLIMS000444","47"
"Hgr 251 Metepec","México","IMSS","MCIMS001185","46"
"Hgz 27 Tlatelolco","Ciudad de México","IMSS","DFIMS000621","46"
"Hies de Chihuahua","Chihuahua","SSA","CHSSA018514","45"
"Hgz 6 Cd.juárez","Chihuahua","IMSS","CHIMS000293","45"
"Hgz 42 Pto. Vallarta","Jalisco","IMSS","JCIMS000692","44"
"Hgz 89 Guadalajara","Jalisco","IMSS","JCIMS000342","44"
"B. Hospital General Con Especialidades Juan María de Salvatierra","Baja California Sur","SSA","BSSSA001213","44"
"Hospital General Dr. Manuel Gea González","Ciudad de México","SSA/CC","DFSSA003961","43"
"Hospital General del Estado Dr. Ernesto Ramos Bours","Sonora","SSA","SRSSA001110","42"
"Primero de Octubre","Ciudad de México","ISSSTE","DFIST000090","41"
"Tampico","Tamaulipas","ISSSTE","TSIST000182","40"
"Hgz 83 Morelia","Michoacán de Ocampo","IMSS","MNIMS000593","40"
"Hgzmf 1 Campeche","Campeche","IMSS","CCIMS000016","40"
"Hospital General San Felipe del Progreso","México","SSA","MCSSA005095","40"
"Hospital General de La Zona Norte  Bicentenario de La Independencia","Puebla","SSA","PLSSA015230","40"
"Hgr 12 Benito Juárez","Yucatán","IMSS","YNIMS000095","40"
"Hospital Pediátrico de Sinaloa","Sinaloa","SSA","SLSSA002556","40"
"Hgz 1 Tepic","Nayarit","IMSS","NTIMS000190","38"
"Hospital General Ixtlahuaca Valentin Gómez Farías","México","SSA","MCSSA002872","38"
"Zacatecas","Zacatecas","ISSSTE","ZSIST000160","38"
"Hgz 46 Dr. B Reynés B","Tabasco","IMSS","TCIMS000121","38"
"Hospital General Regional No. 58","Guanajuato","IMSS","GTIMS000564","38"
"La Paz","Baja California Sur","ISSSTE","BSIST000330","38"
"Hgr 45 Guadalajara","Jalisco","IMSS","JCIMS000366","38"
"19","México","IMSS","MCIMS001224","35"
"Hgr1 C.obregon","Sonora","IMSS","SRIMS000145","35"
"Hgr 1 Culiacán","Sinaloa","IMSS","SLIMS000131","34"
"Hospital General de Caborca","Sonora","SSA","SRSSA006261","33"
"Hg Pochutla","Oaxaca","SSA","OCSSA003715","33"
"Hospital General Pabellón de Arteaga","Aguascalientes","SSA","ASSSA000614","33"
"Dr. Dario Fernandez Fierro","Ciudad de México","ISSSTE","DFIST000324","33"
"Tuxpan","Veracruz de Ignacio de La Llave","ISSSTE","VZIST000296","33"
"Hospital General Escuinapa","Sinaloa","SSA","SLSSA018253","33"
"Miahuatlán de Porfirio Díaz","Oaxaca","IMSS-BIENESTAR","OCIMO000550","33"
"Hospital General Agustín O´horán","Yucatán","SSA","YNSSA000565","33"
"Cd. Guzman","Jalisco","ISSSTE","JCIST000045","33"
"Hospital General de Zona No 33","Nayarit","IMSS","NTIMS000342","33"
"Hg Apatzingan","Michoacán de Ocampo","SSA","MNSSA017400","33"
"Hgzmf 5 Zacatepec","Morelos","IMSS","MSIMS000235","33"
"Swiss Hospital S.a.p.i. de C.v.","Nuevo León","SMP","NLSMP001355","33"
"Hospital Central del Estado","Chihuahua","SSA","CHSSA000676","33"
"Dr. Rafael Barba Ocampo","Morelos","ISSSTE","MSIST000025","33"
"Cd. Delicias","Chihuahua","ISSSTE","CHIST000042","33"
"Hospital Integral de Puerto Peñasco","Sonora","SSA","SRSSA017666","33"
"Dr. Roberto Nettel F.","Chiapas","ISSSTE","CSIST000210","33"
"Hgzmf 4 Iguala","Guerrero","IMSS","GRIMS000112","33"
"Patzcuaro","Michoacán de Ocampo","ISSSTE","MNIST000144","33"
"Hospital General Cd. Valles","San Luis Potosí","SSA","SPSSA000356","33"
"19 Tuxtla","Chiapas","SSA","CSSSA009471","32"
"Unidad Movil Temporal Covid","México","IMSS","MCIMS001212","32"
"Hgr 6 Cd. Madero","Tamaulipas","IMSS","TSIMS000071","32"
"Hospital General Queretaro","Querétaro","SSA","QTSSA001752","32"
"Hospital General Lázaro Cárdenas","Michoacán de Ocampo","SSA","MNSSA001722","31"
"Hg Zamora","Michoacán de Ocampo","SSA","MNSSA003945","31"
"Hospital Naval de Veracruz","Veracruz de Ignacio de La Llave","SEMAR","VZSMA000040","30"
"Hgz 3 Tuxtepec","Oaxaca","IMSS","OCIMS000182","30"
"Hgzmf 7 Cuautla","Morelos","IMSS","MSIMS000030","30"
"San Quintín","Baja California","IMSS-BIENESTAR","BCIMO000070","30"
"Centro de Alta Especialidad  Dr. Rafael Lucio","Veracruz de Ignacio de La Llave","SSA","VZSSA002965","30"
"Hospital General Dr. Pedro Daniel Martínez","Michoacán de Ocampo","SSA","MNSSA003735","30"
"Hgzmf 6 Ocotlan","Jalisco","IMSS","JCIMS000651","30"
"Tuxtla (u.n.e.m.e. Cirugía Ambulatoria Y Torre de Diagnóstico)","Chiapas","SSA","CSSSA019534","29"
"Hgz 3 Navojoa","Sonora","IMSS","SRIMS000541","29"
"Hgzmf 1 San Luis Potosi","San Luis Potosí","IMSS","SPIMS000171","29"
"Hospital General San Carlos","Yucatán","SSA","YNSSA001224","29"
"Hgs 5 Guerrero Negro","Baja California Sur","IMSS","BSIMS000072","29"
"Tuxtepec","Oaxaca","ISSSTE","OCIST000165","29"
"Hgz 6 Cd. Valles","San Luis Potosí","IMSS","SPIMS000072","28"
"Tacuba","Ciudad de México","ISSSTE","DFIST000534","27"
"Hgz 3 Mante","Tamaulipas","IMSS","TSIMS000182","27"
"Hospital Central Militar","Ciudad de México","SEDENA","DFSDN000086","27"
"Hinfec Cm La Raza","Ciudad de México","IMSS","DFIMS000056","27"
"Hospital Regional Universitario","Colima","SSA","CMSSA000125","27"
"Valentin Gomez Farias","Jalisco","ISSSTE","JCIST000132","27"
"Hgz 30 Mexicali","Baja California","IMSS","BCIMS000122","27"
"5 de Diciembre","Baja California","ISSSTE","BCIST000040","27"
"Umf 45 San Luis Potosi","San Luis Potosí","IMSS","SPIMS000195","26"
"Hgzmf 8 San Angel","Ciudad de México","IMSS","DFIMS000464","26"
"Centro Médico Naval","Ciudad de México","SEMAR","DFSMA000010","26"
"Buenavista","Michoacán de Ocampo","IMSS-BIENESTAR","MNIMO003954","25"
"Ensenada","Baja California","ISSSTE","BCIST000011","25"
"Instituto Nacional de Cardiología Ignacio Chávez","Ciudad de México","SSA/CC","DFSSA004031","25"
"Hospital General Tecamachalco","Puebla","SSA","PLSSA016893","25"
"Hgz 14 C/unidad Quemados","Sonora","IMSS","SRIMS000900","25"
"Anexo Unidad de Medicina Familiar 86","Coahuila de Zaragoza","IMSS","CLIMS000613","25"
"Mazatlan","Sinaloa","ISSSTE","SLIST000196","25"
"Hospital General Tercer Milenio","Aguascalientes","SSA","ASSSA000030","25"
"Hgr 270 Reynosa","Tamaulipas","IMSS","TSIMS000533","25"
"Hg Juchitan Dr. Macedonio Benitez Fuentes","Oaxaca","SSA","OCSSA007693","25"
"Centro Médico Issemym Lic. Arturo Montiel Rojas Issemym","México","SME","MCSME000921","25"
"Hospital Básico Comunitario de Compostela","Nayarit","SSA","NTSSA016060","25"
"Hospital General de Manzanillo","Colima","SSA","CMSSA001356","25"
"Dra. Columba Rivera Osorio","Hidalgo","ISSSTE","HGIST000106","25"
"Hospital Dr. Julian A. Manzur Ocaña","Tabasco","SME","TCSME000011","25"
"Hospitaria","Nuevo León","SMP","NLSMP001271","25"
"Hospital General de Teziutlán","Puebla","SSA","PLSSA008485","25"
"Dr. Manuel F. Rodriguez","Tamaulipas","ISSSTE","TSIST000071","25"
"Hgzmf 2 Salina Cruz","Oaxaca","IMSS","OCIMS000170","25"
"Hospital General Felipe Carrillo Puerto","Quintana Roo","SSA","QRSSA000023","25"
"Hospital General de  Boca del Rio","Veracruz de Ignacio de La Llave","SSA","VZSSA010212","25"
"Hospital General de Guamuchil","Sinaloa","SSA","SLSSA018113","25"
"Dr. Fernando Ocaranza","Sonora","ISSSTE","SRIST000133","24"
"Morelia","Michoacán de Ocampo","ISSSTE","MNIST000120","24"
"H.g. Valentín Gómez Farías (san Francisco Zentlalpan)","México","SSA","MCSSA018750","24"
"Hospital General de Tampico Dr. Carlos Canseco","Tamaulipas","SSA","TSSSA005151","24"
"Hospital General Culiacán","Sinaloa","SSA","SLSSA000666","23"
"Hgsmf 26 Cabo San Lucas","Baja California Sur","IMSS","BSIMS000154","22"
"Dr. Miguel Trejo Ochoa","Colima","ISSSTE","CMIST000010","22"
"Dr. Belisario Dominguez","Chiapas","ISSSTE","CSIST000251","22"
"Hgz 57 La Quebrada","México","IMSS","MCIMS000874","21"
"Hospital General de Lagos de Moreno","Jalisco","SSA","JCSSA008430","21"
"Hospital Para El Niño Poblano","Puebla","SSA","PLSSA008881","20"
"Hospital de La Mujer","Sinaloa","SSA","SLSSA017606","20"
"Apatzingan de La Constitucion","Michoacán de Ocampo","ISSSTE","MNIST000016","20"
"Hospital Regional de Ameca","Jalisco","SSA","JCSSA000165","20"
"Huajuapan de Leon","Oaxaca","ISSSTE","OCIST000042","20"
"Hgz 2 Tuxtla Gutiérrez","Chiapas","IMSS","CSIMS000251","20"
"Centro Médico Lic. Adolfo López Mateos","México","SSA","MCSSA010222","20"
"Centenario de La Revolucion Mexicana","Morelos","ISSSTE","MSIST000293","20"
"Hospital Militar Regional de Especialidades de Monterrey N. L.","Nuevo León","SEDENA","NLSDN000012","20"
"Zitacuaro","Michoacán de Ocampo","ISSSTE","MNIST000231","20"
"H.g. Jilotepec","México","SSA","MCSSA010053","20"
"20 de Noviembre","Ciudad de México","ISSSTE","DFIST000312","20"
"Hospital General Tehuacan","Puebla","SSA","PLSSA003663","20"
"Hgzmf 1 Chetumal","Quintana Roo","IMSS","QRIMS000031","20"
"Hgz 36 José Cardel","Veracruz de Ignacio de La Llave","IMSS","VZIMS000144","20"
"Hcard Cmn Siglo Xxi","Ciudad de México","IMSS","DFIMS000575","20"
"Hospital Comunitario Jerecuaro","Guanajuato","SSA","GTSSA001915","20"
"Hgr 1 Tijuana","Baja California","IMSS","BCIMS000373","19"
"Hg  Juárez","Chihuahua","SSA","CHSSA001801","19"
"Hospital Militar Regional de Puebla Pue.","Puebla","SEDENA","PLSDN000015","19"
"Ario de Rosales","Michoacán de Ocampo","IMSS-BIENESTAR","MNIMO000244","19"
"Unidad de Detección Y Diagnostico Saltillo","Coahuila de Zaragoza","IMSS","CLIMS000596","18"
"Hospital General de Cholula","Puebla","SSA","PLSSA008425","18"
"Hosp. Gral. Renacimiento","Guerrero","SSA","GRSSA000034","18"
"Hospital General de Zona No. 1","Colima","IMSS","CMIMS000186","18"
"Hospital de Alta Especialidad de Veracruz","Veracruz de Ignacio de La Llave","SSA","VZSSA006972","18"
"Hg Tuxtepec","Oaxaca","SSA","OCSSA002146","17"
"Ixmiquilpan","Hidalgo","ISSSTE","HGIST000065","17"
"Iguala de La Independencia","Guerrero","ISSSTE","GRIST000153","17"
"Hospital Regional de Alta Especialidad del Niño Dr. Rodolfo Nieto Padrón","Tabasco","SSA","TCSSA001040","17"
"Hospital General de Agua Prieta","Sonora","SSA","SRSSA017671","17"
"Constitucion","Nuevo León","ISSSTE","NLIST000093","17"
"Hes Puebla","Puebla","IMSS","PLIMS000200","17"
"Orizaba","Veracruz de Ignacio de La Llave","ISSSTE","VZIST000173","17"
"Hes Cmn Siglo Xxi","Ciudad de México","IMSS","DFIMS000580","17"
"Hgzmf 1 Durango","Durango","IMSS","DGIMS000042","16"
"Veracruz","Veracruz de Ignacio de La Llave","ISSSTE","VZIST000301","16"
"Hospital General Atlacomulco","México","SSA","MCSSA010123","16"
"Hospital General Torreón","Coahuila de Zaragoza","SSA","CLSSA002862","16"
"Centro de Atencion Temporal Lindavista","Ciudad de México","IMSS","DFIMS001070","16"
"Hospital Regional  Poza Rica de Hidalgo","Veracruz de Ignacio de La Llave","SSA","VZSSA004744","15"
"Hospital Regional Río Blanco","Veracruz de Ignacio de La Llave","SSA","VZSSA004860","15"
"Lic. Adolfo Lopez Mateos","Ciudad de México","ISSSTE","DFIST000201","15"
"Hospital Regional de Puerto Vallarta","Jalisco","SSA","JCSSA004230","14"
"Matehuala","San Luis Potosí","IMSS-BIENESTAR","SPIMO000732","14"
"Dr. Manuel Cardenas de La Vega","Sinaloa","ISSSTE","SLIST000085","14"
"Dr. Bernardo Sepulveda Gutiérrez","Guerrero","SSA","GRSSA004753","14"
"Hgr 1 Chihuahua","Chihuahua","IMSS","CHIMS000136","14"
"Guachochi","Chihuahua","IMSS-BIENESTAR","CHIMO000516","14"
"Hospital General San Juan del Río","Querétaro","SSA","QTSSA012935","14"
"Dr. Baudelio Villanueva","Tamaulipas","ISSSTE","TSIST000100","13"
"Hospital General Zacapu","Michoacán de Ocampo","SSA","MNSSA005275","13"
"Chetumal","Quintana Roo","ISSSTE","QRIST000043","13"
"Hg Hospital General Nuevo Laredo","Tamaulipas","SSA","TSSSA001550","13"
"Hgr 66 Cd. Juárez","Chihuahua","IMSS","CHIMS000573","13"
"Hgz 32 Villa Coapa","Ciudad de México","IMSS","DFIMS000126","13"
"Hospital de La Mujer","Chihuahua","SSA","CHSSA001796","13"
"Aguascalientes","Aguascalientes","ISSSTE","ASIST000016","13"
"Amanalco","México","IMSS-BIENESTAR","MCIMO000105","13"
"Hospital General de Acapulco","Guerrero","SSA","GRSSA009945","13"
"Ricardo Flores Magon","Michoacán de Ocampo","ISSSTE","MNIST000103","13"
"Hospital General de Ensenada","Baja California","SSA","BCSSA000015","13"
"Hgz 67 Apodaca","Nuevo León","IMSS","NLIMS000636","13"
"Hospital General 450","Durango","SSA","DGSSA017872","12"
"Hospital General de Axochiapan","Morelos","SSA","MSSSA003020","12"
"H.g. Tenancingo","México","SSA","MCSSA006430","12"
"Hg de Cuernavaca Dr. Jose G. Parres","Morelos","SSA","MSSSA000466","12"
"Uneme de Urgencias Zacatecas","Zacatecas","SSA","ZSSSA013172","12"
"Tlaxcala","Tlaxcala","ISSSTE","TLIST000042","12"
"Hospital General León","Guanajuato","SSA","GTSSA005683","11"
"Hospital General Uriangato","Guanajuato","SSA","GTSSA004650","11"
"Toluca","México","ISSSTE","MCIST000215","11"
"Clínica Hospital Mérida","Yucatán","ISSSTE","YNIST000170","11"
"Umf 34 La Paz","Baja California Sur","IMSS","BSIMS000125","11"
"Hospital General Miguel Hidalgo Y Costilla Bicentenario","México","SSA","MCSSA005730","11"
"Servicios Integrales Nova de Monterrey S.a. de C.v.","Nuevo León","SMP","NLSMP000110","11"
"Hospital General de Zacatlán","Puebla","SSA","PLSSA015551","11"
"Hospital Regional de Alta Especialidad Ixtapaluca","México","SSA/CC","MCSSA018786","11"
"Hgz 2 Fresnillo","Zacatecas","IMSS","ZSIMS000090","10"
"Hospital General de Tekax","Yucatán","SSA","YNSSA013476","10"
"Hgz 1 Zacatecas","Zacatecas","IMSS","ZSIMS000353","10"
"Hospital General de Axapusco","México","SSA","MCSSA014143","10"
"Enfermería Militar de Ixtepec Oax.","Oaxaca","SEDENA","OCSDN000014","10"
"H.g. Dr.salvador González Herrejon","México","SSA","MCSSA001011","10"
"Hospital Regional de Coatzacoalcos Dr.valentin Gómez Farias","Veracruz de Ignacio de La Llave","SSA","VZSSA001150","10"
"Hospital Regional de Alta Especialidad del Bajío","Guanajuato","SSA/CC","GTSSA016796","10"
"Presidente Benito Juarez","Oaxaca","ISSSTE","OCIST000112","10"
"Hospital General Valle de Santiago","Guanajuato","SSA","GTSSA017385","10"
"Hospital General de Izucar de Matamoros","Puebla","SSA","PLSSA016806","10"
"Hospital Materno Perinatal Mónica Pretelini Sáenz","México","SSA","MCSSA007673","10"
"Hospital General Guanajuato ´´dr. Valentín Gracia´´","Guanajuato","SSA","GTSSA001454","10"
"Hospital Civil Dr. Antonio González Guevara","Nayarit","SSA","NTSSA001594","9"
"Hgr 196 Fidel Velazquez","México","IMSS","MCIMS000244","9"
"Hospital General La Perla Nezahualcoyotl","México","SSA","MCSSA010292","9"
"Hospital Civil de Guadalajara Juan I. Menchaca","Jalisco","SSA","JCSSA002224","9"
"Hospital General Dr Eduardo Vazquez N","Puebla","SSA","PLSSA002490","9"
"Hospital General de Parral","Chihuahua","SSA","CHSSA018444","9"
"22/o. Batallón de   Infantería","Ciudad de México","SEDENA","DFSDN000103","9"
"Hospital General Dr. Norberto Treviño Zapata","Tamaulipas","SSA","TSSSA002810","9"
"Poza Rica de Hidalgo","Veracruz de Ignacio de La Llave","ISSSTE","VZIST000226","8"
"Hospital General de Minatitlan","Veracruz de Ignacio de La Llave","SSA","VZSSA003595","8"
"Hospital Central Dr. Ignacio Morones Prieto","San Luis Potosí","SSA","SPSSA001102","8"
"Hospital del Niño Morelense","Morelos","SSA","MSSSA002863","8"
"Hospital Comunitario Abasolo","Guanajuato","SSA","GTSSA017344","8"
"Hospital Regional de Alta Especialidad Dr. Juan Graham Casasus","Tabasco","SSA","TCSSA001064","8"
"Hospital General San Luis de La Paz","Guanajuato","SSA","GTSSA004003","8"
"Hospital General Dr. Desiderio G. Rosado Carbajal","Tabasco","SSA","TCSSA017420","8"
"Hospital General Salamanca","Guanajuato","SSA","GTSSA003233","8"
"Hi Cheran","Michoacán de Ocampo","SSA","MNSSA000836","8"
"Hospital Comunitario Purisima del Rincon","Guanajuato","SSA","GTSSA005432","8"
"Hospital Regional Tepatitlan","Jalisco","SSA","JCSSA005584","8"
"Hg La Piedad","Michoacán de Ocampo","SSA","MNSSA016533","8"
"Xalapa","Veracruz de Ignacio de La Llave","ISSSTE","VZIST000120","8"
"Hospital General de Saltillo","Coahuila de Zaragoza","SSA","CLSSA002734","8"
"Hospital Tlahuac","Ciudad de México","ISSSTE","DFIST001053","8"
"Hospital General Los Mochis","Sinaloa","SSA","SLSSA000024","8"
"Huejutla de Reyes","Hidalgo","ISSSTE","HGIST000041","7"
"Hospital General Huauchinango","Puebla","SSA","PLSSA016543","7"
"Hospital de Salud Mental","Durango","SSA","DGSSA000611","7"
"San Jose del Cabo","Baja California Sur","ISSSTE","BSIST000101","7"
"H.g. Dr. Maximiliano Ruíz Castañeda","México","SSA","MCSSA004074","7"
"Hospital General Piedras Negras  Dr Salvador Chavarria Sanchez.","Coahuila de Zaragoza","SSA","CLSSA002763","7"
"Hgr 1 Ignacio García Tellez","Yucatán","IMSS","YNIMS000083","7"
"Hospital General de Subzona No. 12","Sonora","IMSS","SRIMS000915","7"
"Hospital General de Mazatlán","Sinaloa","SSA","SLSSA002585","7"
"Los Mochis","Sinaloa","ISSSTE","SLIST000015","7"
"H.g. Texcoco Guadalupe Victoria Bicentenario","México","SSA","MCSSA018412","6"
"Hospital General de Soledad de Graciano Sánchez","San Luis Potosí","SSA","SPSSA017313","6"
"Hospital General Dr. Enrique Cabrera","Ciudad de México","SSA","DFSSA017886","6"
"Hospital Chiapas Nos Une Dr. Jesus Gilberto Gomez Maza","Chiapas","SSA","CSSSA019954","6"
"Hospital General Tijuana","Baja California","SSA","BCSSA000913","6"
"Hospital Comunitario Apaseo El Alto","Guanajuato","SSA","GTSSA017402","6"
"Hospital Regional de Alta Especialidad de La Mujer","Tabasco","SSA","TCSSA001076","6"
"Hg Hospital General de Matamoros Dr. Alfredo Pumarejo","Tamaulipas","SSA","TSSSA001031","6"
"Umf 5 Monterrey","Nuevo León","IMSS","NLIMS000472","6"
"Hg Dr. Miguel Silva","Michoacán de Ocampo","SSA","MNSSA001891","6"
"San Luis Potosi","San Luis Potosí","ISSSTE","SPIST000113","6"
"Hospital Comunitario Las Joyas","Guanajuato","SSA","GTSSA005613","5"
"Unidad Auxiliar Hospitalaria Zonkeys","Baja California","SSA","BCSSA001753","5"
"Hg Maravatio","Michoacán de Ocampo","SSA","MNSSA016475","5"
"Hospital General Las Américas","México","SSA","MCSSA010280","5"
"Hospital General Dolores Hidalgo ¨ Cuna de La Independencia Nacional¨","Guanajuato","SSA","GTSSA001290","5"
"19","Guanajuato","SSA","GTSSA002101","4"
"H.g. Dr. Nicolás San Juan","México","SSA","MCSSA007661","4"
"Hospital General Tuxpan Dr. Emilio Alcazar","Veracruz de Ignacio de La Llave","SSA","VZSSA006815","4"
"Hospital Regional de Ciudad Guzman","Jalisco","SSA","JCSSA001326","4"
"Hg de Jojutla Dr. Ernesto Meana San Román","Morelos","SSA","MSSSA000961","4"
"Hospital Comunitario de Tenosique","Tabasco","SSA","TCSSA004716","4"
"Dr. Daniel Gurria Urgell","Tabasco","ISSSTE","TCIST000063","3"
"H.g. Valle de Bravo","México","SSA","MCSSA007982","3"
"Gral. Jose Maria Morelos Y Pavon","Ciudad de México","ISSSTE","DFIST000155","3"
"Dr. Francisco Galindo Chavez","Coahuila de Zaragoza","ISSSTE","CLIST000123","3"
"19 En Valladolid","Yucatán","SSA","YNSSA001871","3"
"Hospital General de Chalco","México","SSA","MCSSA001682","3"
"Hg Hospital General Altamira Dr Rodolfo Torre Cantú","Tamaulipas","SSA","TSSSA018514","3"
"Hospital Y Clínica Oca","Nuevo León","SMP","NLSMP000122","3"
"Unidad de Hospitalizacion Temprana Covid Tabasco","Tabasco","SSA","TCSSA006565","2"
"Hospital Comunitario Colotlan","Jalisco","SSA","JCSSA001454","2"
"Hospital Materno Infantil Issemym","México","SME","MCSME000916","2"
"Hospital Civil de Guadalajara Fray Antonio Alcalde","Jalisco","SSA","JCSSA002195","2"
"H.g. Chimalhuacán","México","SSA","MCSSA002020","2"
"Hospital General Celaya","Guanajuato","SSA","GTSSA000766","2"
"H.g. José Vicente Villada","México","SSA","MCSSA001636","1"
"Cd. Juarez","Chihuahua","ISSSTE","CHIST000112","0"
"Cd. Obregon","Sonora","ISSSTE","SRIST000046","0"
"Hospital General Tecomán Dr. José F. Rivas Guzmán","Colima","SSA","CMSSA001023","0"
"Hospital Comunitario El Grullo","Jalisco","SSA","JCSSA002113","0"
"Celaya","Guanajuato","ISSSTE","GTIST000045","0"
"Hospital General Palenque","Chiapas","SSA","CSSSA004595","0"
"Heroica Ciudad de Huajuapan de León","Oaxaca","IMSS-BIENESTAR","OCIMO000335","0"
"Dr. Jose Ma. Rodriguez","Coahuila de Zaragoza","ISSSTE","CLIST000106","0"
"Hospital General de Cozumel","Quintana Roo","SSA","QRSSA000011","0"
"Hospital Militar de Zona de Guadalupe Zac.","Zacatecas","SEDENA","ZSSDN000016","0"
"Leon","Guanajuato","ISSSTE","GTIST000091","0"
"Hospital Comunitario de La Huacana","Michoacán de Ocampo","SSA","MNSSA016545","0"
"Cessa San Francisco Totimehuacán","Puebla","SSA","PLSSA009223","0"
"Hospital General de Santa María del Oro","Durango","SSA","DGSSA001446","0"
"Hospital General Salvatierra","Guanajuato","SSA","GTSSA006495","0"
"Papantla de Olarte","Veracruz de Ignacio de La Llave","IMSS-BIENESTAR","VZIMO002875","0"
"Zongolica","Veracruz de Ignacio de La Llave","IMSS-BIENESTAR","VZIMO005004","0"
"Hospital General Yajalón Dr. Jose Manuel Velasco Siles","Chiapas","SSA","CSSSA009232","0"
"Hospital Integral de Isla Mujeres","Quintana Roo","SSA","QRSSA001826","0"
"Hg Pinotepa Pedro Espinoza Rueda","Oaxaca","SSA","OCSSA005383","0"
"Hgz 4 Guaymas","Sonora","IMSS","SRIMS000314","0"
"Monclova","Coahuila de Zaragoza","ISSSTE","CLIST000065","0"
"Hospital Comunitario Jaral del Progreso","Guanajuato","SSA","GTSSA017426","0"
"Dr. Aquiles Calles Ramirez","Nayarit","ISSSTE","NTIST000120","0"
"Cd. Valles","San Luis Potosí","ISSSTE","SPIST000055","0"
"Hospital Materno de San Luis de La Paz","Guanajuato","SSA","GTSSA017472","0"
"Hospital General Ixtapan de La Sal","México","SSA","MCSSA010251","0"
"Hgz 2 Hermosillo","Sonora","IMSS","SRIMS000413","0"
"Hospital Comunitario San Felipe","Guanajuato","SSA","GTSSA003600","0"
"Hgzmf 20 Autlan Navarro","Jalisco","IMSS","JCIMS000103","0"
"Cerritos","San Luis Potosí","IMSS-BIENESTAR","SPIMO000283","0"
"Hospital Comunitario Santa Cruz de Juventino Rosas","Guanajuato","SSA","GTSSA016842","0"
"Acanceh","Yucatán","IMSS-BIENESTAR","YNIMO000031","0"
"Hospital General de Zona 92","Coahuila de Zaragoza","IMSS","CLIMS000601","0"
"Hg San Pablo Huixtepec Dr. Manuel Velasco Suárez","Oaxaca","SSA","OCSSA003406","0"
"Hospital General Acambaro Miguel Hidalgo","Guanajuato","SSA","GTSSA017414","0"
"Hospital Civil de Culiacán","Sinaloa","SME","SLSME000016","0"
"Hgzmf 2 Irapuato","Guanajuato","IMSS","GTIMS000185","0"
"Altamirano","Chiapas","IMSS-BIENESTAR","CSIMO000170","0"
"Hospital General de Camargo","Chihuahua","SSA","CHSSA000372","0"
"Hgz 1 Saltillo","Coahuila de Zaragoza","IMSS","CLIMS000321","0"
"Maxcanú","Yucatán","IMSS-BIENESTAR","YNIMO000376","0"
"La Union","Guerrero","IMSS-BIENESTAR","GRIMO000171","0"
"Hg Adolfo Prieto","Guerrero","SSA","GRSSA012535","0"
"El Fuerte","Sinaloa","IMSS-BIENESTAR","SLIMO000576","0"
"Hospital General Pénjamo","Guanajuato","SSA","GTSSA002760","0"
"Cd. Constitucion","Baja California Sur","ISSSTE","BSIST000014","0"
"Hospital Comunitario Huejuquilla","Jalisco","SSA","JCSSA008401","0"
"Hg María Lombardo de Caso","Oaxaca","SSA","OCSSA002320","0"
"Hospital General Guaymas","Sonora","SSA","SRSSA001011","0"
"Zacapoaxtla","Puebla","IMSS-BIENESTAR","PLIMO002890","0"
"Guadalupe Tepeyac","Chiapas","IMSS-BIENESTAR","CSIMO002270","0"
"Hospital General Candelaria","Campeche","SSA","CCSSA001220","0"
"Hospital Integral San Ignacio","Sinaloa","SSA","SLSSA017570","0"
"Hg Puerto Escondido","Oaxaca","SSA","OCSSA020030","0"
"Hgsmf 5 Taxco","Guerrero","IMSS","GRIMS000182","0"
"Hospital Militar Regional de San Luis Potosí Slp.","San Luis Potosí","SEDENA","SPSDN000015","0"
"Hospital General Monclova Amparo Pape de Benavides","Coahuila de Zaragoza","SSA","CLSSA002710","0"
"Hto 21 Monterrey","Nuevo León","IMSS","NLIMS000344","0"
"Hgz 8 Caborca","Sonora","IMSS","SRIMS000116","0"
"Chiautla de Tapia","Puebla","IMSS-BIENESTAR","PLIMO000633","0"
"Hospital General Cd. Obregón","Sonora","SSA","SRSSA000562","0"
"Hgz 8 Cordoba","Veracruz de Ignacio de La Llave","IMSS","VZIMS000296","0"
"Hospital Materno Infantil Irapuato","Guanajuato","SSA","GTSSA017542","0"
"Hospital Integral Zacapoaxtla","Puebla","SSA","PLSSA008281","0"
"H.g. Dr. José María Rodríguez","México","SSA","MCSSA002184","0"
"Hi Coahuayana","Michoacán de Ocampo","SSA","MNSSA000462","0"
"Hospital Comunitario Villagran","Guanajuato","SSA","GTSSA016994","0"
"Hospital de Traumatología Y Ortopedia Doctor Y General Rafael Moreno Valle","Puebla","SSA","PLSSA009394","0"
"Pinotepa Nacional","Oaxaca","ISSSTE","OCIST000240","0"
"Hospital Comunitario Cihuatlan","Jalisco","SSA","JCSSA001261","0"
"Hgz 35 Cd.juárez","Chihuahua","IMSS","CHIMS000305","0"
"Hospital Comunitario San Diego de La Union","Guanajuato","SSA","GTSSA017501","0"
"Hgz 2 Aguascalientes","Aguascalientes","IMSS","ASIMS000016","0"
"Ort Magdalena Salinas","Ciudad de México","IMSS","DFIMS000196","0"
"Guanajuato","Guanajuato","ISSSTE","GTIST000074","0"
"C.s. C/ Hospitalización Adán G. Velarde","Baja California Sur","SSA","BSSSA000192","0"
"Cessa Xonacatepec","Puebla","SSA","PLSSA006043","0"
"Hospital General El Dorado","Sinaloa","SSA","SLSSA018265","0"
"Hospital Rural Oportunidades 33 Tuxpan","Michoacán de Ocampo","IMSS-BIENESTAR","MNIMO002764","0"
"Hidalgo","Tamaulipas","IMSS-BIENESTAR","TSIMO001250","0"
"Fray Junipero Serra","Baja California","ISSSTE","BCIST000093","0"
"Hospital General de Playa del Carmen","Quintana Roo","SSA","QRSSA018001","0"
"Hospital Regional de Alta Especialidad En Cd Victoria Bicentenario 2010","Tamaulipas","SSA/CC","TSSSA018292","0"
"Hgz 15 Cd. Reynosa","Tamaulipas","IMSS","TSIMS000310","0"
"Hospital General de Reforma","Chiapas","SSA","CSSSA009186","0"
"Soto La Marina","Tamaulipas","IMSS-BIENESTAR","TSIMO000796","0"
"Mamantel","Campeche","IMSS-BIENESTAR","CCIMO000512","0"
"Hc Loma Bonita","Oaxaca","SSA","OCSSA019844","0"
"San Felipe Ecatepec","Chiapas","IMSS-BIENESTAR","CSIMO003863","0"
"Hospital de Las Culturas San Cristobal de Las Casas","Chiapas","SSA","CSSSA018764","0"
"Hc Tamazola","Oaxaca","SSA","OCSSA019132","0"
"Hospital General de Tacambaro Maria Zendejas","Michoacán de Ocampo","SSA","MNSSA002965","0"
"Hgz 2 Tulancingo","Hidalgo","IMSS","HGIMS000181","0"
"Hgzmf 29 S. Juan Aragon","Ciudad de México","IMSS","DFIMS000230","0"
"Hospital de La Mujer","Michoacán de Ocampo","SSA","MNSSA001862","0"
"Hospital General Ometepec","Guerrero","SSA","GRSSA005762","0"
"Comitan de Dominguez","Chiapas","ISSSTE","CSIST000065","0"
"Hgzmf 3 Salamanca","Guanajuato","IMSS","GTIMS000330","0"
"Ixtepec","Puebla","IMSS-BIENESTAR","PLIMO003450","0"
"Hgzmf 28 Costa Rica","Sinaloa","IMSS","SLIMS000184","0"
"Hgzmf 6 S.nicolas Garza","Nuevo León","IMSS","NLIMS000525","0"
"San Jose del Rincon","México","IMSS-BIENESTAR","MCIMO000093","0"
"Hgs 6 Tecate","Baja California","IMSS","BCIMS000443","0"
"Centro Estatal de Cuidados Críticos Salamanca","Guanajuato","SSA","GTSSA017315","0"
"Benemérito de Las Américas","Chiapas","IMSS-BIENESTAR","CSIMO002924","0"
"19 Siglo Xxi","Yucatán","SSA","YNSSA001866","0"
"Zacatipan","San Luis Potosí","IMSS-BIENESTAR","SPIMO001461","0"
"Hospital Privado de Hermosillo S.a. de C.v. Cima","Sonora","SMP","SRSMP000413","0"
"Dr. Ismael Vazquez Ortiz","Querétaro","ISSSTE","QTIST000046","0"
"Hospital Rural Los Hernandez","San Luis Potosí","IMSS-BIENESTAR","SPIMO002651","0"
"Hc Nejapa de Madero","Oaxaca","SSA","OCSSA019996","0"
"Hospital General Silao","Guanajuato","SSA","GTSSA017023","0"
"Zacatipan","Puebla","IMSS-BIENESTAR","PLIMO000551","0"
"Matamoros","Coahuila de Zaragoza","IMSS-BIENESTAR","CLIMO000281","0"
"Hospital Integral Badiraguato","Sinaloa","SSA","SLSSA000246","0"
"Hospital General San José Iturbide","Guanajuato","SSA","GTSSA016912","0"
"Hgzmf 2 San Luis Potosi","San Luis Potosí","IMSS","SPIMS000183","0"
"Hospital General de Chetumal","Quintana Roo","SSA","QRSSA000373","0"
"Hospital Obstetrico Pachuca","Hidalgo","SSA","HGSSA002425","0"
"Hospital Movil Temporal Covid","Oaxaca","SSA","OCSSA007920","0"
"Hgzmf 16 Torreon","Coahuila de Zaragoza","IMSS","CLIMS000432","0"
"Huauchinango","Puebla","ISSSTE","PLIST000072","0"
"Pinos","Zacatecas","IMSS-BIENESTAR","ZSIMO000820","0"
"Nogales","Sonora","ISSSTE","SRIST000174","0"
"Hgz 50 Tangamanga","San Luis Potosí","IMSS","SPIMS000376","0"
"Chicontepec de Tejeda","Veracruz de Ignacio de La Llave","IMSS-BIENESTAR","VZIMO001055","0"
"Hospital Comunitario Moroleón","Guanajuato","SSA","GTSSA017443","0"
"Hospital General de Cancún Dr Jesus Kumate Rodriguez","Quintana Roo","SSA","QRSSA018062","0"
"Manzanillo","Colima","ISSSTE","CMIST000022","0"
"Matías Romero Avendaño","Oaxaca","IMSS-BIENESTAR","OCIMO000475","0"
"Santiago Juxtlahuaca","Oaxaca","IMSS-BIENESTAR","OCIMO004050","0"
"Came Orizaba","Veracruz de Ignacio de La Llave","SSA","VZSSA008302","0"
"Hgzmf 2 Apizaco","Tlaxcala","IMSS","TLIMS000030","0"
"Ramos Arizpe","Coahuila de Zaragoza","IMSS-BIENESTAR","CLIMO000445","0"
"Hgs 38 San José del Cabo","Baja California Sur","IMSS","BSIMS000224","0"
"H.g. Ma. Socorro Quiroga Aguilar","Campeche","SSA","CCSSA000363","0"
"Ocosingo","Chiapas","ISSSTE","CSIST000140","0"
"Hospital Integral Angostura","Sinaloa","SSA","SLSSA000193","0"
"Hospital Integral Valle del Carrizo","Sinaloa","SSA","SLSSA002573","0"
"Hc San Pedro Huamelula","Oaxaca","SSA","OCSSA021256","0"
"Hc Temascal","Oaxaca","SSA","OCSSA020100","0"
"Dr. Jorge Soberon Acevedo","Guerrero","SSA","GRSSA004490","0"
"Concepción del Oro","Zacatecas","IMSS-BIENESTAR","ZSIMO000050","0"
"Hospital Integral Mocorito","Sinaloa","SSA","SLSSA001716","0"
"Hospital Integral de El Rosario","Sinaloa","SSA","SLSSA001873","0"
"Hospital General Santiago Ixcuintla","Nayarit","SSA","NTSSA002166","0"
"Agosto 12","Tamaulipas","ISSSTE","TSIST000095","0"
"Hospital Naval de Tampico","Tamaulipas","SEMAR","TSSMA000032","0"
"Hospital Comunitario Mazamitla","Jalisco","SSA","JCSSA008075","0"
"Hgzmf 11 Cd. Delicias","Chihuahua","IMSS","CHIMS000206","0"
"Centro de Atención Covid Iguala de La Independencia","Guerrero","SMM","GRSMM000024","0"
"Hgzmf 28 Martinez Torre","Veracruz de Ignacio de La Llave","IMSS","VZIMS000651","0"
"Hospital General Irapuato","Guanajuato","SSA","GTSSA001652","0"
"Nocupetaro","Michoacán de Ocampo","SSA","MNSSA016516","0"
"Hospital Integral José María Morelos","Quintana Roo","SSA","QRSSA001312","0"
"Hospital Comunitario Apaseo El Grande","Guanajuato","SSA","GTSSA000585","0"
"Hgr 2 Villa Coapa","Ciudad de México","IMSS","DFIMS000814","0"
"Hgr 20 Tijuana","Baja California","IMSS","BCIMS000262","0"
"Hc Maruata","Michoacán de Ocampo","SSA","MNSSA016550","0"
"Valle de Ignacio Allende","Chihuahua","IMSS-BIENESTAR","CHIMO000043","0"
"Hgz 14 Guadalajara","Jalisco","IMSS","JCIMS000330","0"
"Hg Infantil Eva Samano de López Mateos","Michoacán de Ocampo","SSA","MNSSA001874","0"
"Dr. Patricio Trueba Regil","Campeche","ISSSTE","CCIST000021","0"
"Hc Valle Nacional","Oaxaca","SSA","OCSSA020025","0"
"Hgzmf 8 Zihuatanejo","Guerrero","IMSS","GRIMS000124","0"
"Hospital Integral Xpujil","Campeche","SSA","CCSSA001116","0"
"Hospital Regional de Autlan","Jalisco","SSA","JCSSA000631","0"
"Hospital General de Ciudad Constitución","Baja California Sur","SSA","BSSSA001510","0"
"Hospital General San Francisco","Nayarit","SSA","NTSSA002084","0"
"Hc Ixtlan de Juárez","Oaxaca","SSA","OCSSA000594","0"
"Hi Nueva Italia","Michoacán de Ocampo","SSA","MNSSA002142","0"
"Centro de Salud Con Servicios Ampliados (cessa) de Amozoc","Puebla","SSA","PLSSA008503","0"
"Hospital Y Centro Médico San Jorge de Monterrey Sa de Cv","Nuevo León","SMP","NLSMP000810","0"
"San Buenaventura","Coahuila de Zaragoza","IMSS-BIENESTAR","CLIMO000561","0"
"Hgsmf 41 Huatulco","Oaxaca","IMSS","OCIMS000281","0"
"Hgz 51 Chapala","Durango","IMSS","DGIMS000095","0"
"Paracho de Verduzco","Michoacán de Ocampo","IMSS-BIENESTAR","MNIMO001796","0"
"Cessa San Sebastián de Aparicio","Puebla","SSA","PLSSA006294","0"
"Hospital General de Zona 36 de Pachuca","Hidalgo","IMSS","HGIMS000275","0"
"Hospital San José de Hermosillo S.a. de C.v.","Sonora","SMP","SRSMP000372","0"
"Hospital Militar Regional de La Paz B. C. S.","Baja California Sur","SEDENA","BSSDN000015","0"
"Hospital General Regional Dr. Guillermo Soberón Acevedo","Guerrero","SSA","GRSSA010061","0"
"Hospital General Juárez Arriaga","Chiapas","SSA","CSSSA000453","0"
"Tecmeculan","Oaxaca","SSA","OCSSA018922","0"
"Hospital de Especialidad Materno Infantil de León","Guanajuato","SSA","GTSSA002096","0"
"Hgz 30 Iztacalco","Ciudad de México","IMSS","DFIMS000324","0"
"Hc Santa Maria Huatulco","Oaxaca","SSA","OCSSA021133","0"
"Cd. Mante","Tamaulipas","ISSSTE","TSIST000054","0"
"Hc Tuzantla","Michoacán de Ocampo","SSA","MNSSA016504","0"
"Hg Tehuantepec","Oaxaca","SSA","OCSSA018473","0"
"Hc Villa Sola Vega","Oaxaca","SSA","OCSSA021116","0"
"Hospital Comunitario Atotonilco El Alto Madre María Luisita de La Peña Navarro","Jalisco","SSA","JCSSA013762","0"
"Hecelchakán","Campeche","IMSS-BIENESTAR","CCIMO000232","0"
"Fresnillo","Zacatecas","ISSSTE","ZSIST000032","0"
"Hospital Regional Valle de Chalco Solidaridad Issemym","México","SME","MCSME000776","0"
"Hospital General de Huejotzingo","Puebla","SSA","PLSSA009001","0"
"Santa Rosalia","Baja California Sur","ISSSTE","BSIST000043","0"
"Hgz 5 Metepec","Puebla","IMSS","PLIMS000043","0"
"Ocozocoautla de Espinosa","Chiapas","IMSS-BIENESTAR","CSIMO003081","0"
"Cd. del Carmen","Campeche","ISSSTE","CCIST000033","0"
"Piedras Negras","Coahuila de Zaragoza","ISSSTE","CLIST000094","0"
"Hospital General de Atlixco Gonzalo Río Arronte","Puebla","SSA","PLSSA009292","0"
"Hgsmf 2 Cozumel","Quintana Roo","IMSS","QRIMS000014","0"
"Chilpancingo de Los Bravo","Guerrero","ISSSTE","GRIST000112","0"
"Umf 120 Zaragoza","Ciudad de México","IMSS","DFIMS000382","0"
"Hospital Basico Comunitario de Tecuala","Nayarit","SSA","NTSSA016072","0"
"Huejutla de Reyes","Hidalgo","IMSS-BIENESTAR","HGIMO000643","0"
"Rio Bravo","Tamaulipas","ISSSTE","TSIST000170","0"
"Hospital Comunitario Aquismon","San Luis Potosí","SSA","SPSSA000064","0"
"Santiago Jamiltepec","Oaxaca","IMSS-BIENESTAR","OCIMO003992","0"
"Cd. Cancun","Quintana Roo","ISSSTE","QRIST000055","0"
"Hospital General Calvillo","Aguascalientes","SSA","ASSSA000404","0"
"Hgz 23 Teziutlan","Puebla","IMSS","PLIMS000446","0"
"Hospital Comunitario Cortazar","Guanajuato","SSA","GTSSA001121","0"
"Hospital Integral Acaponeta","Nayarit","SSA","NTSSA000013","0"
"Hi Arteaga","Michoacán de Ocampo","SSA","MNSSA000310","0"
"San Carlos","Tamaulipas","IMSS-BIENESTAR","TSIMO000661","0"
"Sanatorio Naval de Pto. Vallarta","Jalisco","SEMAR","JCSMA000011","0"
"Navojoa","Sonora","ISSSTE","SRIST000162","0"
"Irapuato","Guanajuato","ISSSTE","GTIST000086","0"
"Hospital Integral Cosala","Sinaloa","SSA","SLSSA000572","0"
"19 Isstech Tuxtla","Chiapas","SME","CSSME000066","0"
"Hgz 8 Uruapan","Michoacán de Ocampo","IMSS","MNIMS000424","0"
"Huetamo de Núñez","Michoacán de Ocampo","IMSS-BIENESTAR","MNIMO001125","0"
"Hgz 47 Vicente Guerrero","Ciudad de México","IMSS","DFIMS000365","0"
"Hospital Regional de La Barca","Jalisco","SSA","JCSSA013815","0"
"Hospital Comunitario Mascota","Jalisco","SSA","JCSSA003583","0"
"Hgzmf 7 Monclova","Coahuila de Zaragoza","IMSS","CLIMS000111","0"
"Hgzmf 32 Minatitlan","Veracruz de Ignacio de La Llave","IMSS","VZIMS000680","0"
"Presidente Gral. Lazaro Cardenas","Chihuahua","ISSSTE","CHIST000030","0"
"Hospital Comunitario de San Juan de Los Lagos","Jalisco","SSA","JCSSA013045","0"
"Hospital Basico Comunitario Las Varas","Nayarit","SSA","NTSSA016084","0"
"Yuc","Yucatán","IMSS-BIENESTAR","YNIMO000311","0"
"Hospital General  Raúl A. Carrillo","Baja California Sur","SSA","BSSSA000595","0"
"Hospital General de Cananea","Sonora","SSA","SRSSA006285","0"
"Tepexi de Rodríguez","Puebla","IMSS-BIENESTAR","PLIMO002272","0"
"Hgz 1 Carlos Mcgregor","Ciudad de México","IMSS","DFIMS000534","0"
"19 Villaflores","Chiapas","SSA","CSSSA009500","0"
"Venustiano Carranza","Chiapas","IMSS-BIENESTAR","CSIMO005210","0"
"Hospital Mixto Jesús María","Nayarit","SSA","NTSSA000660","0"
"Hg Cuicatlan Dr. Alberto Vargas Merino","Oaxaca","SSA","OCSSA002052","0"
"Zacualtipán","Hidalgo","IMSS-BIENESTAR","HGIMO002043","0"
"Hospital General Rosamorada","Nayarit","SSA","NTSSA000800","0"
"Tlaltenango de Sánchez Román","Zacatecas","IMSS-BIENESTAR","ZSIMO001182","0"
"Centro de Salud Con Servicios Ampliados de San Felipe Hueyotlipan","Puebla","SSA","PLSSA009241","0"
"Troncoso","Ciudad de México","IMSS","DFIMS000312","0"
"Hospital General Dr. Juan C. Corzo Tonalá","Chiapas","SSA","CSSSA007074","0"
"H.g. Dr. Fernando Quiroz Gutiérrez","México","SSA","MCSSA008945","0"
"Hospital Comunitario Huanimaro","Guanajuato","SSA","GTSSA001623","0"
"Hospital de La Mujer Comitán","Chiapas","SSA","CSSSA018776","0"
"Hospital Regional Valle de Bravo Nicolás Bravo Bicentenario Issemym","México","SME","MCSME001114","0"
"Hes 2 Cm Obregon","Sonora","IMSS","SRIMS000150","0"
"San Salvador El Seco","Puebla","IMSS-BIENESTAR","PLIMO002004","0"
"Hospital Comunitario Tamazula","Jalisco","SSA","JCSSA008080","0"
"Hgz 4 Zamora","Michoacán de Ocampo","IMSS","MNIMS000506","0"
"Hg Huajuapan Enf. María del Pilar Sánchez Villavicencio","Oaxaca","SSA","OCSSA000524","0"
"Hgz 2 Cardenas","Tabasco","IMSS","TCIMS000022","0"
"Villanueva","Zacatecas","IMSS-BIENESTAR","ZSIMO001404","0"
"Jáltipan de Morelos","Veracruz de Ignacio de La Llave","IMSS-BIENESTAR","VZIMO002105","0"
"Hospital General Rincón de Romos","Aguascalientes","SSA","ASSSA000655","0"
"Hospital Comunitario Yuriria","Guanajuato","SSA","GTSSA017431","0"
"Hospital Integral de Bacalar","Quintana Roo","SSA","QRSSA000460","0"
"Hg Los Reyes","Michoacán de Ocampo","SSA","MNSSA016521","0"
"Cd. Cuauhtemoc","Chihuahua","ISSSTE","CHIST000025","0"
"Hospital Comunitario Romita","Guanajuato","SSA","GTSSA003151","0"
"Guaymas","Sonora","ISSSTE","SRIST000104","0"
"19 San Cristobal de Las Casas","Chiapas","SSA","CSSSA009483","0"
"Hgsmf 8 Tlaxcala","Tlaxcala","IMSS","TLIMS000194","0"
"Cessa La Libertad","Puebla","SSA","PLSSA017134","0"
"Hgzmf 10 S. Ixcuintla","Nayarit","IMSS","NTIMS000144","0"
"Vicente Guerrero","Durango","IMSS-BIENESTAR","DGIMO001595","0"
"Umf 13 Azcapotzalco","Ciudad de México","IMSS","DFIMS000032","0"
"Hospital Comunitario Teocaltiche","Jalisco","SSA","JCSSA005461","0"
"6/o. Grupo de Moteros","Ciudad de México","SEDENA","DFSDN000120","0"
"Nueva Rosita","Coahuila de Zaragoza","ISSSTE","CLIST000193","0"
"Hg Hospital General de Cd. Mante Dr. Emilio Martínez Manautou","Tamaulipas","SSA","TSSSA018000","0"
"San Ildefonso Villa Alta","Oaxaca","IMSS-BIENESTAR","OCIMO001315","0"
"Hospital Integral Puente de Camotlán","Nayarit","SSA","NTSSA015425","0"
"Hospital de Los Maestros S.n.t.e. Seccion 50","Nuevo León","SME","NLSME000012","0"
"Tula","Tamaulipas","IMSS-BIENESTAR","TSIMO000871","0"
"Hospital General de Acatlán de Osorio","Puebla","SSA","PLSSA008572","0"
"Motozintla de Mendoza","Chiapas","IMSS-BIENESTAR","CSIMO002620","0"
"Ocosingo","Chiapas","IMSS-BIENESTAR","CSIMO002784","0"
"Hospital General La Cruz","Sinaloa","SSA","SLSSA017594","0"
"Hospital General de Zona No. 5","Sonora","IMSS","SRIMS000920","0"
"Cessa Tlaxcalancingo","Puebla","SSA","PLSSA006060","0"
"Hgzmf 21 Leon","Guanajuato","IMSS","GTIMS000243","0"
"Ixmiquilpan","Hidalgo","IMSS-BIENESTAR","HGIMO000771","0"
"Hgs 13 Cd. Acuña","Coahuila de Zaragoza","IMSS","CLIMS000012","0"
"Hospital Militar de Zona de Cinco de Mayo Dgo.","Durango","SEDENA","DGSDN000014","0"
"Hgs 33 Tierra Blanca","Veracruz de Ignacio de La Llave","IMSS","VZIMS001013","0"
"Hospital Regional de  Xalapa  Dr. Luis F.  Nachon","Veracruz de Ignacio de La Llave","SSA","VZSSA002970","0"
"Hg Ciudad Ixtepec","Oaxaca","SSA","OCSSA016764","0"
"Acapulco","Guerrero","ISSSTE","GRIST000025","0"
"Hospital Militar Regional del Cipres B. C.","Baja California","SEDENA","BCSDN000024","0"
"Hospital Regional Atlacomulco Issemym","México","SME","MCSME000781","0"
"Puerto Vallarta","Jalisco","ISSSTE","JCIST000086","0"
"Cd. Sabinas","Coahuila de Zaragoza","ISSSTE","CLIST000181","0"
"Merida","Yucatán","ISSSTE","YNIST000030","0"
"Tamazunchale","San Luis Potosí","ISSSTE","SPIST000142","0"
"Hospital  Naval de Lazaro Cardenas","Michoacán de Ocampo","SEMAR","MNSMA000011","0"
"H.g. Dr. Gustavo Baz Prada","México","SSA","MCSSA004231","0"
"Hgzmf 16 C. Cuauhtémoc","Chihuahua","IMSS","CHIMS000095","0"
"Hgz No. 48 San Pedro Xalpa","Ciudad de México","IMSS","DFIMS000831","0"
"19 Palenque","Chiapas","SSA","CSSSA019510","0"
"Hgsmf 30 Guamuchil","Sinaloa","IMSS","SLIMS000411","0"
"Hospital General Cd. Acuña","Coahuila de Zaragoza","SSA","CLSSA000033","0"
"Monterrey","Nuevo León","ISSSTE","NLIST000105","0"
"Zoquiapan Dr. Pedro López","México","SSA","MCSSA002761","0"
"Río Grande","Zacatecas","IMSS-BIENESTAR","ZSIMO000914","0"
"Hc Tamazulapan","Oaxaca","SSA","OCSSA000384","0"
"Clínica A. I. R. Médica 2000 S.a. de C.v","Tabasco","SMP","TCSMP002315","0"
"Hospital General Zacatecas Luz González Cosio","Zacatecas","SSA","ZSSSA013143","0"
"Hc San Pedro Tapanatepec","Oaxaca","SSA","OCSSA003826","0"
"San Juanito","Chihuahua","IMSS-BIENESTAR","CHIMO000224","0"
"Hospital General Puruandiro","Michoacán de Ocampo","SSA","MNSSA016480","0"
"Hospital Militar Regional de Mérida Yuc.","Yucatán","SEDENA","YNSDN000014","0"
"Hospital Regional de Magdalena","Jalisco","SSA","JCSSA003496","0"
"Hgzmf 35 Cosamaloapan","Veracruz de Ignacio de La Llave","IMSS","VZIMS000342","0"
"19 Pichucalco","Chiapas","SSA","CSSSA009466","0"
"Hospital Infantil de Especialidades de Ciudad Juárez","Chihuahua","SSA","CHSSA018012","0"
"Hgzmf 5 Tula de Hidalgo","Hidalgo","IMSS","HGIMS000164","0"
"San Pedro de Las Colonias","Coahuila de Zaragoza","ISSSTE","CLIST000111","0"
"Hospital Comunitario Manuel Doblado","Guanajuato","SSA","GTSSA017390","0"
"Hospital General de Matehuala","San Luis Potosí","SSA","SPSSA002992","0"
"Guadalajara","Jalisco","ISSSTE","JCIST000873","0"
"Hgzmf 2 Zacapu","Michoacán de Ocampo","IMSS","MNIMS000494","0"
"Hgzmf 32 Guasave","Sinaloa","IMSS","SLIMS000271","0"
"Hc Santos Reyes Nopala","Oaxaca","SSA","OCSSA020445","0"
"Cessa Romero Vargas","Puebla","SSA","PLSSA009214","0"
"Dr. Santiago Ramon Y Cajal","Durango","ISSSTE","DGIST000042","0"
"Hospital Comunitario Alamos","Sonora","SSA","SRSSA000055","0"
"Hospital Gral. A Santiago Papasquiaro","Durango","SSA","DGSSA001895","0"
"Centro de Salud Urbano Huauchinango","Puebla","SSA","PLSSA015032","0"
"Hgz 18 Playa del Carmen","Quintana Roo","IMSS","QRIMS000154","0"
"Hc Nochixtlan","Oaxaca","SSA","OCSSA000121","0"
"Hes 1 Merida","Yucatán","IMSS","YNIMS000071","0"
"Hospital Comunitario Encarnación de Diaz","Jalisco","SSA","JCSSA001990","0"
"Hospital de La Mujer San Cristóbal de Las Casas","Chiapas","SSA","CSSSA005773","0"
"Hospital Comunitario Jocotepec","Jalisco","SSA","JCSSA009364","0"
"Hospital Integral de Sinaloa de Leyva","Sinaloa","SSA","SLSSA002136","0"
"Hospital de Ginecología Y Obstetricia S.a. de C.v.","Nuevo León","SMP","NLSMP000093","0"
"Hgsmf 9 Apatzigan","Michoacán de Ocampo","IMSS","MNIMS000021","0"
"Hospital Militar de Zona de Mexicali B. C.","Baja California","SEDENA","BCSDN000012","0"
"Tehuacan","Puebla","ISSSTE","PLIST000154","0"
"Teziutlan","Puebla","ISSSTE","PLIST000171","0"
"Hospital General de Valladolid","Yucatán","SSA","YNSSA013440","0"
"Hospital General Bicentenario Villaflores","Chiapas","SSA","CSSSA018875","0"
"San Cayetano","Nayarit","IMSS-BIENESTAR","NTIMO000705","0"
"Hospital Comunitario Tarimoro","Guanajuato","SSA","GTSSA016970","0"
"Hgs 7 La Piedad","Michoacán de Ocampo","IMSS","MNIMS000260","0"
"Hospital Integral Navolato","Sinaloa","SSA","SLSSA002491","0"
"Hospital Integral de Xicotepec","Puebla","SSA","PLSSA009283","0"
"Hospital Integral Kantunilkin","Quintana Roo","SSA","QRSSA001423","0"
"Uruapan del Progreso","Michoacán de Ocampo","ISSSTE","MNIST000202","0"
"Hg Salina Cruz","Oaxaca","SSA","OCSSA019873","0"
"Matehuala","San Luis Potosí","ISSSTE","SPIST000084","0"
"Hospital Militar Regional de Irapuato Gto.","Guanajuato","SEDENA","GTSDN000010","0"
"Tehuantepec","Oaxaca","ISSSTE","OCIST000252","0"
"Centro de Raqueta de Veracruz","Veracruz de Ignacio de La Llave","SSA","VZSSA008314","0"
"Hospital General Nogales","Sonora","SSA","SRSSA001851","0"
"Coatzacoalcos","Veracruz de Ignacio de La Llave","ISSSTE","VZIST000062","0"
"Charcas","San Luis Potosí","IMSS-BIENESTAR","SPIMO000546","0"
"Mapastepec","Chiapas","IMSS-BIENESTAR","CSIMO002125","0"
"Hospital Comunitario San Francisco del Rincón","Guanajuato","SSA","GTSSA003793","0"
"Hospital General de Gómez Palacio","Durango","SSA","DGSSA000676","0"
"Hospital General de Zona No. 3","Aguascalientes","IMSS","ASIMS000161","0"
"Hospital Regional de Cuencame","Durango","SSA","DGSSA000116","0"
"Hgzmf 26 Tala","Jalisco","IMSS","JCIMS000803","0"
"Rodeo","Durango","IMSS-BIENESTAR","DGIMO001093","0"
"Hospital General María Ignacia Gandulfo Comitan","Chiapas","SSA","CSSSA001030","0"
"Hospital General Jalpan","Querétaro","SSA","QTSSA001052","0"
"Zamora","Michoacán de Ocampo","ISSSTE","MNIST000226","0"
"Gomez Palacio","Durango","ISSSTE","DGIST000054","0"
"Centro de Salud Con Servicios Ampliados (cessa) San Pedro Cholula","Puebla","SSA","PLSSA008854","0"
"Hgzmf 6 Tepeji del Rio","Hidalgo","IMSS","HGIMS000123","0"
"Hospital Integral Ixtlán del Río","Nayarit","SSA","NTSSA000474","0"
"Hg Cm La Raza","Ciudad de México","IMSS","DFIMS000061","0"
"Hospital Temporal Politecnico","Baja California","SSA","BCSSA001741","0"
"Hgzmf 1 La Paz","Baja California Sur","IMSS","BSIMS000113","0"
"Hidalgo del Parral","Chihuahua","ISSSTE","CHIST000095","0"
"Chignahuapan","Puebla","IMSS-BIENESTAR","PLIMO000691","0"
"Hospital Regional  Yahualica","Jalisco","SSA","JCSSA006890","0"
"Hospital Militar Regional de Tuxtla Gtz. Chis.","Chiapas","SEDENA","CSSDN000013","0"
"Hospital Militar Regional de Tampico Tamps.","Tamaulipas","SEDENA","TSSDN000014","0"
"Guadalupe Victoria","Durango","IMSS-BIENESTAR","DGIMO000352","0"
"Hc Teotitlán de Flores Magón","Oaxaca","SSA","OCSSA021080","0"
"Hgsmf 4 Tecoman","Colima","IMSS","CMIMS000104","0"
"Hospital Regional Cocula","Jalisco","SSA","JCSSA001401","0"
"Villa Unión","Sinaloa","IMSS-BIENESTAR","SLIMO000733","0"
"Hospital Regional Tenancingo Issemym","México","SME","MCSME000752","0"
"Hg Ciudad Hidalgo","Michoacán de Ocampo","SSA","MNSSA016492","0"
"San Cristobal de Las Casas","Chiapas","ISSSTE","CSIST000193","0"
"Hospital Militar Regional de Chilpancingo Gro.","Guerrero","SEDENA","GRSDN000026","0"
"Sahuayo","Michoacán de Ocampo","ISSSTE","MNIST000185","0"
"Villamar","Michoacán de Ocampo","IMSS-BIENESTAR","MNIMO003942","0"
"Coscomatepec de Bravo","Veracruz de Ignacio de La Llave","IMSS-BIENESTAR","VZIMO000862","0"
"Unidad Auxiliar Hospitalaria Uabc","Baja California","SSA","BCSSA001765","0"
"Hgz 24 Poza Rica","Veracruz de Ignacio de La Llave","IMSS","VZIMS000832","0"
"Hospital Integral Choix","Sinaloa","SSA","SLSSA000963","0"
"Hgsmf 4 Navolato","Sinaloa","IMSS","SLIMS000435","0"
"Hospital General Dr. Rubén Leñero","Ciudad de México","SSA","DFSSA003553","0"
"Metepec","Hidalgo","IMSS-BIENESTAR","HGIMO000952","0"
"Tlacolula de Matamoros","Oaxaca","IMSS-BIENESTAR","OCIMO004750","0"
"Hospital Integral Concordia","Sinaloa","SSA","SLSSA000473","0"
"Cd. Victoria","Tamaulipas","ISSSTE","TSIST000153","0"
"Hgs 54 Silao","Guanajuato","IMSS","GTIMS000506","0"
"19 Tapachula","Chiapas","SME","CSSME000100","0"
"Zacapu","Michoacán de Ocampo","ISSSTE","MNIST000214","0"
"A D. F.","Ciudad de México","SEDENA","DFSDN000074","0"
"Hospital General Huixtla","Chiapas","SSA","CSSSA002611","0"
"Hospital Comunitario de Loreto","Baja California Sur","SSA","BSSSA000933","0"
"Bochil","Chiapas","IMSS-BIENESTAR","CSIMO000433","0"
"Cessa Sanctorum","Puebla","SSA","PLSSA017065","0"
"Coalcomán de Vázquez Pallares","Michoacán de Ocampo","IMSS-BIENESTAR","MNIMO000425","0"
"Hospital Materno Celaya","Guanajuato","SSA","GTSSA017530","0"
"Hospital Naval de Acapulco","Guerrero","SEMAR","GRSMA000015","0"
"Hospital General de Cabo San Lucas","Baja California Sur","SSA","BSSSA001131","0"
"Hes 1 Leon","Guanajuato","IMSS","GTIMS000226","0"
"Hgz 7 Lagos de Moreno","Jalisco","IMSS","JCIMS001264","0"
"Hc Santa Catarina Juquila","Oaxaca","SSA","OCSSA004152","0"
"Hospital  Comunitario de  Hopelchen","Campeche","SSA","CCSSA001594","0"
"Oxkutzcab","Yucatán","IMSS-BIENESTAR","YNIMO000446","0"
"Hgsmf 33 S. Andres","Veracruz de Ignacio de La Llave","IMSS","VZIMS000890","0"
"Hospital Comunitario La Huerta","Jalisco","SSA","JCSSA002632","0"
"Hospital Militar de Zona de El Vergel Iztapalapa","Ciudad de México","SEDENA","DFSDN000016","0"
"Villa Ávila Camacho (la Ceiba)","Puebla","IMSS-BIENESTAR","PLIMO002803","0"
"Hospital Basico Comunitario de Tondoroque","Nayarit","SSA","NTSSA015874","0"
"Hospital Militar Regional de Tuxpan Ver.","Veracruz de Ignacio de La Llave","SEDENA","VZSDN000022","0"