"Unidad médica","Estado","Institución","CLUES","% de Ocupación"
"Hospital General Balbuena","Ciudad de México","SSA","DFSSA003722","100"
"Hc Santa Maria Huatulco","Oaxaca","SSA","OCSSA021133","100"
"Hospital Militar Regional de Irapuato Gto.","Guanajuato","SEDENA","GTSDN000010","100"
"Leon","Guanajuato","ISSSTE","GTIST000091","100"
"Hospital Regional de Alta Especialidad del Bajío","Guanajuato","SSA/CC","GTSSA016796","100"
"Hospital General de Camargo","Chihuahua","SSA","CHSSA000372","100"
"Zimapan","Hidalgo","ISSSTE","HGIST000362","100"
"Hospital Comunitario Jerecuaro","Guanajuato","SSA","GTSSA001915","100"
"Hospital General Pabellón de Arteaga","Aguascalientes","SSA","ASSSA000614","100"
"Enfermería Militar de Zapopan Jal.","Jalisco","SEDENA","JCSDN000034","100"
"Hospital General Milpa Alta","Ciudad de México","SSA","DFSSA002066","100"
"Hospital General San Felipe del Progreso","México","SSA","MCSSA005095","100"
"Hospital Comunitario Manuel Doblado","Guanajuato","SSA","GTSSA017390","100"
"Hgzmf 50 Lerdo Tejada","Veracruz de Ignacio de La Llave","IMSS","VZIMS000634","100"
"Hospital Militar de Zona de Santa María Rayón","México","SEDENA","MCSDN000385","100"
"San Luis Potosi","San Luis Potosí","ISSSTE","SPIST000113","100"
"Hospital Regional de Ameca","Jalisco","SSA","JCSSA000165","100"
"Toluca","México","ISSSTE","MCIST000215","100"
"Hospital Basico Comunitario de Tecuala","Nayarit","SSA","NTSSA016072","100"
"Hospital General Santiago Ixcuintla","Nayarit","SSA","NTSSA002166","100"
"Hgz 98 Coacalco","México","IMSS","MCIMS000080","100"
"Hgr 196 Fidel Velazquez","México","IMSS","MCIMS000244","100"
"Dr. Manuel F. Rodriguez","Tamaulipas","ISSSTE","TSIST000071","100"
"Hospital General de Gómez Palacio","Durango","SSA","DGSSA000676","100"
"Cd. Juarez","Chihuahua","ISSSTE","CHIST000112","100"
"Hgzmf 29 S. Juan Aragon","Ciudad de México","IMSS","DFIMS000230","100"
"Hospital Regional Valle de Bravo Nicolás Bravo Bicentenario Issemym","México","SME","MCSME001114","100"
"Dr. Fernando Quiroz Gutierrez","Ciudad de México","ISSSTE","DFIST000196","100"
"Presidente Gral. Lazaro Cardenas","Chihuahua","ISSSTE","CHIST000030","100"
"6/o. Regimiento Bilndado de Recnocimiento","Puebla","SEDENA","PLSDN000155","100"
"Hospital Regional de Delicias","Chihuahua","SSA","CHSSA001026","100"
"Hospital Militar Regional de Puebla Pue.","Puebla","SEDENA","PLSDN000015","100"
"Hcard Cmn Siglo Xxi","Ciudad de México","IMSS","DFIMS000575","100"
"Instituto Nacional de Neurología Y Neurocirugía Manuel Velasco Suárez","Ciudad de México","SSA/CC","DFSSA004060","100"
"Chilpancingo de Los Bravo","Guerrero","ISSSTE","GRIST000112","100"
"Hospital General Dr. Raymundo Abarca Alarcón","Guerrero","SSA","GRSSA009950","100"
"Hospital General Ajusco Medio","Ciudad de México","SSA","DFSSA018166","100"
"Instituto Nacional de Cancerología","Ciudad de México","SSA/CC","DFSSA004043","100"
"Instituto Nacional de Enfermedades Respiratorias Ismael Cosío Villegas","Ciudad de México","SSA/CC","DFSSA004026","100"
"Hospital Especializado de 30 Camas de Juchitan","Oaxaca","SSA","OCSSA007915","100"
"Hospital General 450","Durango","SSA","DGSSA017872","100"
"Santiago Juxtlahuaca","Oaxaca","IMSS-BIENESTAR","OCIMO004050","100"
"Hg Putla Amigo del Niño Y de La Madre","Oaxaca","SSA","OCSSA020655","100"
"Hospital Regional de Alta Especialidad de La Península de Yucatán","Yucatán","SSA/CC","YNSSA013423","100"
"Hospital Naval de Mazatlan","Sinaloa","SEMAR","SLSMA000022","100"
"Hospital General Agustín O´horán","Yucatán","SSA","YNSSA000565","100"
"Sahuayo","Michoacán de Ocampo","ISSSTE","MNIST000185","100"
"Dr. Dario Fernandez Fierro","Ciudad de México","ISSSTE","DFIST000324","100"
"Hospital Naval de Acapulco","Guerrero","SEMAR","GRSMA000015","100"
"Hospital General Calvillo","Aguascalientes","SSA","ASSSA000404","100"
"Hinfec Cm La Raza","Ciudad de México","IMSS","DFIMS000056","100"
"Hg Adolfo Prieto","Guerrero","SSA","GRSSA012535","100"
"Hospital Regional de Alta Especialidad de Oaxaca","Oaxaca","SSA/CC","OCSSA007483","100"
"Mazatlan","Sinaloa","ISSSTE","SLIST000196","100"
"Hc Nejapa de Madero","Oaxaca","SSA","OCSSA019996","100"
"Hospital General de Tulancingo","Hidalgo","SSA","HGSSA018000","100"
"Hospital Comunitario Tamazula","Jalisco","SSA","JCSSA008080","100"
"Tacuba","Ciudad de México","ISSSTE","DFIST000534","100"
"Hospital Central Militar","Ciudad de México","SEDENA","DFSDN000086","100"
"Matehuala","San Luis Potosí","ISSSTE","SPIST000084","100"
"Cd. Valles","San Luis Potosí","ISSSTE","SPIST000055","100"
"Apatzingan de La Constitucion","Michoacán de Ocampo","ISSSTE","MNIST000016","100"
"Instituto Nacional de Pediatría","Ciudad de México","SSA/CC","DFSSA004014","100"
"Hospital Militar Regional de Guadalajara Jal.","Jalisco","SEDENA","JCSDN000010","100"
"Hospital General Piedras Negras  Dr Salvador Chavarria Sanchez.","Coahuila de Zaragoza","SSA","CLSSA002763","100"
"Gral. Ignacio Zaragoza","Ciudad de México","ISSSTE","DFIST000160","100"
"Ixmiquilpan","Hidalgo","ISSSTE","HGIST000065","100"
"Tampico","Tamaulipas","ISSSTE","TSIST000182","100"
"Rioverde","San Luis Potosí","ISSSTE","SPIST000096","100"
"Xalapa","Veracruz de Ignacio de La Llave","ISSSTE","VZIST000120","100"
"Hgzmf 2 Zacapu","Michoacán de Ocampo","IMSS","MNIMS000494","100"
"Fundacion Santos Y de La Garza Evia Ibp","Nuevo León","SMP","NLSMP000023","100"
"Doctors Hospital","Nuevo León","SMP","NLSMP001085","100"
"Pinotepa Nacional","Oaxaca","ISSSTE","OCIST000240","100"
"Hgzmf 2 Irapuato","Guanajuato","IMSS","GTIMS000185","99"
"Hgz 1 Carlos Mcgregor","Ciudad de México","IMSS","DFIMS000534","98"
"20 de Noviembre","Ciudad de México","ISSSTE","DFIST000312","97"
"Hgz 24 Insurgentes","Ciudad de México","IMSS","DFIMS000225","97"
"Hgzmf 1 Pachuca","Hidalgo","IMSS","HGIMS000082","96"
"Unidad  Materno Infantil","Puebla","SME","PLSME000353","96"
"Centro Médico Issemym Lic. Arturo Montiel Rojas Issemym","México","SME","MCSME000921","96"
"Hospital General Dolores Hidalgo ¨ Cuna de La Independencia Nacional¨","Guanajuato","SSA","GTSSA001290","95"
"Hgzmf 3 Salamanca","Guanajuato","IMSS","GTIMS000330","95"
"Hr_issste","Puebla","ISSSTE","PLIST000101","95"
"Hgzmf 8 San Angel","Ciudad de México","IMSS","DFIMS000464","94"
"Dr. Jorge Soberon Acevedo","Guerrero","SSA","GRSSA004490","94"
"Hospital General Salamanca","Guanajuato","SSA","GTSSA003233","93"
"81/o. Batallón de Infanteria","Ciudad de México","SEDENA","DFSDN000115","93"
"Hgz 47 Vicente Guerrero","Ciudad de México","IMSS","DFIMS000365","93"
"Hgz 1a Venados","Ciudad de México","IMSS","DFIMS000522","93"
"Dra. Columba Rivera Osorio","Hidalgo","ISSSTE","HGIST000106","92"
"Hgr 220 Toluca","México","IMSS","MCIMS000816","92"
"Dr. Rafael Barba Ocampo","Morelos","ISSSTE","MSIST000025","91"
"Hgz 194 El Molinito","México","IMSS","MCIMS000326","91"
"Pachuca (dr. Jesús del Rosal)","Hidalgo","SSA","HGSSA002570","91"
"Hgs 54 Silao","Guanajuato","IMSS","GTIMS000506","91"
"Hospital General Tláhuac","Ciudad de México","SSA","DFSSA018154","91"
"Hgzmf 5 Zacatepec","Morelos","IMSS","MSIMS000235","90"
"Hospital General Ometepec","Guerrero","SSA","GRSSA005762","90"
"Hgz 3 S. Juan del Rio","Querétaro","IMSS","QTIMS000186","90"
"Hospital General de Axapusco","México","SSA","MCSSA014143","90"
"Hgz 53 Los Reyes Paz","México","IMSS","MCIMS000676","89"
"San Jose del Rincon","México","IMSS-BIENESTAR","MCIMO000093","89"
"Troncoso","Ciudad de México","IMSS","DFIMS000312","89"
"Unidad Médica Regional de Atención A La Gestación Y Al Neonato","Hidalgo","SSA","HGSSA005003","89"
"Hospital General Regional No. 200","México","IMSS","MCIMS001171","89"
"Hospital Comunitario Purisima del Rincon","Guanajuato","SSA","GTSSA005432","89"
"Hospital General de Zona No.252","México","IMSS","MCIMS001200","88"
"Centro Médico Lic. Adolfo López Mateos","México","SSA","MCSSA010222","88"
"Coatzacoalcos","Veracruz de Ignacio de La Llave","ISSSTE","VZIST000062","88"
"Hospital Comunitario Apaseo El Alto","Guanajuato","SSA","GTSSA017402","88"
"Hospital Regional Atlacomulco Issemym","México","SME","MCSME000781","87"
"Hgzmf 76 Xalostoc","México","IMSS","MCIMS000232","87"
"Bicentenario de La Independencia","México","ISSSTE","MCIST000425","87"
"Hgr 2 Villa Coapa","Ciudad de México","IMSS","DFIMS000814","86"
"Hospital Militar de Zona de Cinco de Mayo Dgo.","Durango","SEDENA","DGSDN000014","86"
"Hospital Regional de Alta Especialidad Ixtapaluca","México","SSA/CC","MCSSA018786","86"
"Hospital General Acambaro Miguel Hidalgo","Guanajuato","SSA","GTSSA017414","86"
"Hgzmf 2 Monterrey","Nuevo León","IMSS","NLIMS000373","86"
"Hgz 4 Celaya","Guanajuato","IMSS","GTIMS000062","85"
"Presidente Benito Juarez","Oaxaca","ISSSTE","OCIST000112","85"
"Hgz 30 Iztacalco","Ciudad de México","IMSS","DFIMS000324","85"
"Hospital General Tehuacan","Puebla","SSA","PLSSA003663","85"
"Hgz No. 20","Puebla","IMSS","PLIMS000586","85"
"39/o. Batallón de Infantería","Veracruz de Ignacio de La Llave","SEDENA","VZSDN000162","85"
"Hospital General de Teziutlán","Puebla","SSA","PLSSA008485","85"
"Unidad Móvil Temporal Covid","Ciudad de México","IMSS","DFIMS001065","85"
"Hgz 7 Lagos de Moreno","Jalisco","IMSS","JCIMS001264","83"
"Hgr 251 Metepec","México","IMSS","MCIMS001185","83"
"Hgz 50 Tangamanga","San Luis Potosí","IMSS","SPIMS000376","83"
"Orizaba","Veracruz de Ignacio de La Llave","ISSSTE","VZIST000173","83"
"Umf 45 San Luis Potosi","San Luis Potosí","IMSS","SPIMS000195","83"
"Hgr 72 Gustavo Baz","México","IMSS","MCIMS000746","83"
"Amanalco","México","IMSS-BIENESTAR","MCIMO000105","83"
"Centro Banamex","Ciudad de México","SSA","DFSSA004970","82"
"Hospital General de La Zona Norte  Bicentenario de La Independencia","Puebla","SSA","PLSSA015230","82"
"Hospital General Irapuato","Guanajuato","SSA","GTSSA001652","82"
"Hgz 57 La Quebrada","México","IMSS","MCIMS000874","82"
"Hgz 32 Villa Coapa","Ciudad de México","IMSS","DFIMS000126","82"
"Centro de Alta Especialidad  Dr. Rafael Lucio","Veracruz de Ignacio de La Llave","SSA","VZSSA002965","82"
"Hgsmf 3 Chilpancingo","Guerrero","IMSS","GRIMS000100","82"
"Hospital General Dr. Rubén Leñero","Ciudad de México","SSA","DFSSA003553","81"
"Hospital Regional de Alta Especialidad Dr.ignacio Morones Prieto","San Luis Potosí","SSA","SPSSA003482","81"
"A D. F.","Ciudad de México","SEDENA","DFSDN000074","81"
"Hospital General de México","Ciudad de México","SSA/CC","DFSSA003973","81"
"Centenario de La Revolucion Mexicana","Morelos","ISSSTE","MSIST000293","81"
"Hospital Comunitario Tarimoro","Guanajuato","SSA","GTSSA016970","80"
"Hospital Comunitario Huanimaro","Guanajuato","SSA","GTSSA001623","80"
"Hgzmf 1 La Paz","Baja California Sur","IMSS","BSIMS000113","80"
"Pinos","Zacatecas","IMSS-BIENESTAR","ZSIMO000820","80"
"Hes Cm La Raza","Ciudad de México","IMSS","DFIMS000020","79"
"Hgrmf 1 Cuernavaca","Morelos","IMSS","MSIMS000054","79"
"Hgzmf 5 Tula de Hidalgo","Hidalgo","IMSS","HGIMS000164","79"
"Hospital General Salvatierra","Guanajuato","SSA","GTSSA006495","79"
"Hospital General Ixtapan de La Sal","México","SSA","MCSSA010251","79"
"Hospital General Dr. Manuel Gea González","Ciudad de México","SSA/CC","DFSSA003961","79"
"Primero de Octubre","Ciudad de México","ISSSTE","DFIST000090","79"
"Hospital General de Izucar de Matamoros","Puebla","SSA","PLSSA016806","78"
"Hospital Regional  Poza Rica de Hidalgo","Veracruz de Ignacio de La Llave","SSA","VZSSA004744","78"
"Hospital General Uriangato","Guanajuato","SSA","GTSSA004650","78"
"Ricardo Flores Magon","Michoacán de Ocampo","ISSSTE","MNIST000103","78"
"Dr. Ismael Vazquez Ortiz","Querétaro","ISSSTE","QTIST000046","78"
"Hg Pinotepa Pedro Espinoza Rueda","Oaxaca","SSA","OCSSA005383","77"
"Hospital Militar de Especialidades de La Mujer Y Neonatologia","Ciudad de México","SEDENA","DFSDN000062","77"
"Hospital General de Cholula","Puebla","SSA","PLSSA008425","77"
"Hospital General de Nativitas","Tlaxcala","SSA","TLSSA017925","76"
"Hospital General Regional Dr. Guillermo Soberón Acevedo","Guerrero","SSA","GRSSA010061","76"
"Hgz 5 Metepec","Puebla","IMSS","PLIMS000043","76"
"Hospital General Iztapalapa","Ciudad de México","SSA","DFSSA001540","76"
"Hospital General Tula","Hidalgo","SSA","HGSSA015532","75"
"Hgz 58 Las Margaritas","México","IMSS","MCIMS000734","75"
"Hospital General Ixtlahuaca Valentin Gómez Farías","México","SSA","MCSSA002872","75"
"Hgzmf 8 Cd. Sahagun","Hidalgo","IMSS","HGIMS000111","75"
"Heroica Ciudad de Huajuapan de León","Oaxaca","IMSS-BIENESTAR","OCIMO000335","75"
"Hospital Rural de Oportunidades No. 34","Oaxaca","IMSS-BIENESTAR","OCIMO003304","75"
"Hgz 23 Teziutlan","Puebla","IMSS","PLIMS000446","75"
"Hospital Central Dr. Ignacio Morones Prieto","San Luis Potosí","SSA","SPSSA001102","75"
"Tehuacan","Puebla","ISSSTE","PLIST000154","75"
"Hgz 21 Tepatitlan","Jalisco","IMSS","JCIMS000914","75"
"Zacatipan","Puebla","IMSS-BIENESTAR","PLIMO000551","75"
"Cirugía Ambulatoria (tepic)","Nayarit","SSA","NTSSA015302","75"
"Zacatipan","San Luis Potosí","IMSS-BIENESTAR","SPIMO001461","75"
"Hospital Comunitario El Grullo","Jalisco","SSA","JCSSA002113","75"
"Hospital Regional de  Xalapa  Dr. Luis F.  Nachon","Veracruz de Ignacio de La Llave","SSA","VZSSA002970","75"
"Hgz No. 48 San Pedro Xalpa","Ciudad de México","IMSS","DFIMS000831","74"
"Morelia","Michoacán de Ocampo","ISSSTE","MNIST000120","74"
"Hospital General Pénjamo","Guanajuato","SSA","GTSSA002760","74"
"Hospital Militar de Zona Constituyentes","Ciudad de México","SEDENA","DFSDN000050","74"
"Hgz 197 Texcoco","México","IMSS","MCIMS000961","74"
"1/er. Regimiento de Caballería Motorizado","Puebla","SEDENA","PLSDN000143","73"
"Hospital General de Mazatlán","Sinaloa","SSA","SLSSA002585","73"
"Hgz 1 Oaxaca","Oaxaca","IMSS","OCIMS000136","73"
"Dr. Patricio Trueba Regil","Campeche","ISSSTE","CCIST000021","73"
"Hospital Comunitario Las Joyas","Guanajuato","SSA","GTSSA005613","73"
"H.g. Tenancingo","México","SSA","MCSSA006430","73"
"Hospital Santa Cecilia de Monterrey","Nuevo León","SMP","NLSMP000740","72"
"Umf 13 Azcapotzalco","Ciudad de México","IMSS","DFIMS000032","72"
"Dr. Manuel Cardenas de La Vega","Sinaloa","ISSSTE","SLIST000085","72"
"Hospital Real San José S.c","Jalisco","SMP","JCSMP000313","72"
"Hgz 27 Tlatelolco","Ciudad de México","IMSS","DFIMS000621","72"
"Uneme de Urgencias Zacatecas","Zacatecas","SSA","ZSSSA013172","72"
"Acapulco","Guerrero","ISSSTE","GRIST000025","71"
"Hospital General de Zona No. 1","Colima","IMSS","CMIMS000186","71"
"Hospital Comunitario Jaral del Progreso","Guanajuato","SSA","GTSSA017426","71"
"Hgzmf 26 Tala","Jalisco","IMSS","JCIMS000803","71"
"Paracho de Verduzco","Michoacán de Ocampo","IMSS-BIENESTAR","MNIMO001796","71"
"Los Mochis","Sinaloa","ISSSTE","SLIST000015","71"
"Hgz 71 Chalco","México","IMSS","MCIMS000145","71"
"3/er. Regimiento Blindado de Reconocimiento","Morelos","SEDENA","MSSDN000072","70"
"Hgz 83 Morelia","Michoacán de Ocampo","IMSS","MNIMS000593","69"
"Hospital General San Luis de La Paz","Guanajuato","SSA","GTSSA004003","69"
"Hg Cm La Raza","Ciudad de México","IMSS","DFIMS000061","69"
"Hgz 11 Jalapa","Veracruz de Ignacio de La Llave","IMSS","VZIMS000564","69"
"19 No. 14","Nayarit","SEDENA","NTSDN000034","68"
"H.g. Jilotepec","México","SSA","MCSSA010053","68"
"Hospital General Tuxpan Dr. Emilio Alcazar","Veracruz de Ignacio de La Llave","SSA","VZSSA006815","68"
"Hospital General Xoco","Ciudad de México","SSA","DFSSA003162","68"
"Dr. Fernando Ocaranza","Sonora","ISSSTE","SRIST000133","68"
"Hgz 89 Guadalajara","Jalisco","IMSS","JCIMS000342","68"
"Papantla de Olarte","Veracruz de Ignacio de La Llave","IMSS-BIENESTAR","VZIMO002875","67"
"Hgz 4 Villa Guadalupe","Nuevo León","IMSS","NLIMS000204","67"
"Hgzmf 4 Iguala","Guerrero","IMSS","GRIMS000112","67"
"Hgzmf 8 Zihuatanejo","Guerrero","IMSS","GRIMS000124","67"
"Guanajuato","Guanajuato","ISSSTE","GTIST000074","67"
"6/o. Grupo de Moteros","Ciudad de México","SEDENA","DFSDN000120","67"
"Hospital Juárez de México","Ciudad de México","SSA/CC","DFSSA003944","67"
"Ort Magdalena Salinas","Ciudad de México","IMSS","DFIMS000196","67"
"Hospital Comunitario Romita","Guanajuato","SSA","GTSSA003151","67"
"Hg Oaxaca Dr. Aurelio Valdivieso","Oaxaca","SSA","OCSSA000985","67"
"San Quintín","Baja California","IMSS-BIENESTAR","BCIMO000070","67"
"Hospital General Regional No. 2 El Marques","Querétaro","IMSS","QTIMS000285","67"
"Hospital Materno Perinatal Mónica Pretelini Sáenz","México","SSA","MCSSA007673","67"
"Hospital General Rosamorada","Nayarit","SSA","NTSSA000800","67"
"Hospital Regional Tenancingo Issemym","México","SME","MCSME000752","67"
"Centro Médico Naval","Ciudad de México","SEMAR","DFSMA000010","66"
"Hospital General de Soledad de Graciano Sánchez","San Luis Potosí","SSA","SPSSA017313","66"
"Hospital Estatal Movil Leon Guanajuato","Guanajuato","SSA","GTSSA005753","65"
"Hospital Universitario Dr. José Eleuterio González","Nuevo León","HUN","NLHUN000014","65"
"Hospital Regional de Coatzacoalcos Dr.valentin Gómez Farias","Veracruz de Ignacio de La Llave","SSA","VZSSA001150","65"
"3/er. Regimiento Blindado de Reconocimiento","Morelos","SEDENA","MSSDN000060","65"
"Hgzmf 2 Salina Cruz","Oaxaca","IMSS","OCIMS000170","65"
"Hgz 15 Tehuacan","Puebla","IMSS","PLIMS000405","65"
"Hgzmf 2 San Luis Potosi","San Luis Potosí","IMSS","SPIMS000183","65"
"Umf 28 del Valle","Ciudad de México","IMSS","DFIMS000546","64"
"Hospital General de Apan","Hidalgo","SSA","HGSSA015515","64"
"Hgz 68 Tulpetlac","México","IMSS","MCIMS000990","64"
"Hospital Comunitario Comonfort","Guanajuato","SSA","GTSSA005502","64"
"Hes Puebla","Puebla","IMSS","PLIMS000200","63"
"Hgzmf 21 Leon","Guanajuato","IMSS","GTIMS000243","63"
"Gral. Jose Maria Morelos Y Pavon","Ciudad de México","ISSSTE","DFIST000155","63"
"Hgz 14 Guadalajara","Jalisco","IMSS","JCIMS000330","63"
"Hospital de Especialidades de La Ciudad de Mexico Dr. Belisario Domínguez","Ciudad de México","SSA","DFSSA004265","62"
"Hgzmf 1 Cd. Víctoria","Tamaulipas","IMSS","TSIMS000380","62"
"Dr. Miguel Trejo Ochoa","Colima","ISSSTE","CMIST000010","62"
"Hgz 1 Zacatecas","Zacatecas","IMSS","ZSIMS000353","62"
"Hgsmf 5 Taxco","Guerrero","IMSS","GRIMS000182","62"
"Hospital Comunitario Abasolo","Guanajuato","SSA","GTSSA017344","62"
"Hospital General de Huejotzingo","Puebla","SSA","PLSSA009001","62"
"Charcas","San Luis Potosí","IMSS-BIENESTAR","SPIMO000546","62"
"Hospital Comunitario Santa Cruz de Juventino Rosas","Guanajuato","SSA","GTSSA016842","62"
"Hospital Integral de Puerto Peñasco","Sonora","SSA","SRSSA017666","62"
"Hgz 1 Tepic","Nayarit","IMSS","NTIMS000190","62"
"H.g. José Vicente Villada","México","SSA","MCSSA001636","61"
"Tehuantepec","Oaxaca","ISSSTE","OCIST000252","60"
"50/o. Batallón de Infantería","Guerrero","SEDENA","GRSDN000183","60"
"Umf 42 Cuajimalpa","Ciudad de México","IMSS","DFIMS000172","60"
"Hgz 33 Felix U. Gomez","Nuevo León","IMSS","NLIMS000361","60"
"Hospital General Huichapan","Hidalgo","SSA","HGSSA001503","60"
"Hospital General de Ríoverde","San Luis Potosí","SSA","SPSSA000945","60"
"Umf 120 Zaragoza","Ciudad de México","IMSS","DFIMS000382","60"
"Lic. Adolfo Lopez Mateos","Ciudad de México","ISSSTE","DFIST000201","59"
"H.g. Dr. Nicolás San Juan","México","SSA","MCSSA007661","59"
"Hgp 3a Magdalena Salinas","Ciudad de México","IMSS","DFIMS000184","58"
"Hospital Central del Estado","Chihuahua","SSA","CHSSA000676","58"
"Hgz 11 Nuevo Laredo","Tamaulipas","IMSS","TSIMS000276","58"
"Hgs 5 Guerrero Negro","Baja California Sur","IMSS","BSIMS000072","58"
"Hgs 33 Tizayuca","Hidalgo","IMSS","HGIMS000135","58"
"La Paz","Baja California Sur","ISSSTE","BSIST000330","58"
"Hospital General Atlacomulco","México","SSA","MCSSA010123","58"
"Hospital General Dr Eduardo Vazquez N","Puebla","SSA","PLSSA002490","57"
"H.g. Chimalhuacán","México","SSA","MCSSA002020","57"
"Dr. Jose Ma. Rodriguez","Coahuila de Zaragoza","ISSSTE","CLIST000106","57"
"Irapuato","Guanajuato","ISSSTE","GTIST000086","57"
"Navojoa","Sonora","ISSSTE","SRIST000162","57"
"Guaymas","Sonora","ISSSTE","SRIST000104","57"
"Hospital General de Acatlán de Osorio","Puebla","SSA","PLSSA008572","57"
"Hospital General de Lagos de Moreno","Jalisco","SSA","JCSSA008430","57"
"Hgzmf 3 Mazatlan","Sinaloa","IMSS","SLIMS000341","57"
"19 (extensión Hospital Actopan)","Hidalgo","SSA","HGSSA005056","57"
"Axtla de Terrazas","San Luis Potosí","IMSS-BIENESTAR","SPIMO002475","57"
"Hgr 46 Guadalaja","Jalisco","IMSS","JCIMS000371","57"
"Hospital Comunitario San Felipe","Guanajuato","SSA","GTSSA003600","56"
"Hgz 2 Aguascalientes","Aguascalientes","IMSS","ASIMS000016","56"
"Tuxpan","Veracruz de Ignacio de La Llave","ISSSTE","VZIST000296","56"
"Hgzmf 6 S.nicolas Garza","Nuevo León","IMSS","NLIMS000525","56"
"Hospital General Pachuca","Hidalgo","SSA","HGSSA002430","56"
"Hgsmf 33 S. Andres","Veracruz de Ignacio de La Llave","IMSS","VZIMS000890","56"
"Miahuatlán de Porfirio Díaz","Oaxaca","IMSS-BIENESTAR","OCIMO000550","56"
"Uruapan del Progreso","Michoacán de Ocampo","ISSSTE","MNIST000202","56"
"Hospital General Queretaro","Querétaro","SSA","QTSSA001752","56"
"Hgr 1 Queretaro","Querétaro","IMSS","QTIMS000092","55"
"Hgr1 C.obregon","Sonora","IMSS","SRIMS000145","55"
"Hospital Regional Universitario","Colima","SSA","CMSSA000125","55"
"Hospital General de Acapulco","Guerrero","SSA","GRSSA009945","55"
"Hospital de Alta Especialidad de Veracruz","Veracruz de Ignacio de La Llave","SSA","VZSSA006972","55"
"Teziutlan","Puebla","ISSSTE","PLIST000171","55"
"Hospital Civil de Guadalajara Fray Antonio Alcalde","Jalisco","SSA","JCSSA002195","55"
"Hgzmf 20 Autlan Navarro","Jalisco","IMSS","JCIMS000103","54"
"Hospital General León","Guanajuato","SSA","GTSSA005683","54"
"Hgz 2 Hermosillo","Sonora","IMSS","SRIMS000413","54"
"Monterrey","Nuevo León","ISSSTE","NLIST000105","54"
"Hgr Orizaba","Veracruz de Ignacio de La Llave","IMSS","VZIMS000733","53"
"Hospital General Regional No. 58","Guanajuato","IMSS","GTIMS000564","53"
"Cessa San Sebastián de Aparicio","Puebla","SSA","PLSSA006294","53"
"Hospital General de Zona No 33","Nayarit","IMSS","NTIMS000342","53"
"Hgr 1 V. Guerrero","Guerrero","IMSS","GRIMS000013","53"
"Hospital Militar Regional de Chihuahua Chih.","Chihuahua","SEDENA","CHSDN000026","53"
"Hgr 1 Charo","Michoacán de Ocampo","IMSS","MNIMS000605","53"
"Hgz 1 Tlaxcala","Tlaxcala","IMSS","TLIMS000136","53"
"Hospital General Celaya","Guanajuato","SSA","GTSSA000766","52"
"Centro de Atención Covid Iguala de La Independencia","Guerrero","SMM","GRSMM000024","52"
"Hgz 24 Poza Rica","Veracruz de Ignacio de La Llave","IMSS","VZIMS000832","52"
"H.g. Dr. Gustavo Baz Prada","México","SSA","MCSSA004231","51"
"Hospital de Especialidades de La Mujer","Oaxaca","SSA","OCSSA007705","51"
"Hospital General La Perla Nezahualcoyotl","México","SSA","MCSSA010292","51"
"Valentin Gomez Farias","Jalisco","ISSSTE","JCIST000132","51"
"Hospital General de Montemorelos","Nuevo León","SSA","NLSSA004944","51"
"Enfermería Militar de Apatzingan Mich.","Michoacán de Ocampo","SEDENA","MNSDN000010","50"
"Hospital General Guaymas","Sonora","SSA","SRSSA001011","50"
"Hospital Comunitario Moroleón","Guanajuato","SSA","GTSSA017443","50"
"Cd. Delicias","Chihuahua","ISSSTE","CHIST000042","50"
"Hospital Para El Niño Poblano","Puebla","SSA","PLSSA008881","50"
"San Luis Rio Colorado","Sonora","ISSSTE","SRIST000203","50"
"Hg Juchitan Dr. Macedonio Benitez Fuentes","Oaxaca","SSA","OCSSA007693","50"
"Christus Muguerza S.a. de C.v. /  Sucursal Sur","Nuevo León","SMP","NLSMP000105","50"
"Hg Huajuapan Enf. María del Pilar Sánchez Villavicencio","Oaxaca","SSA","OCSSA000524","50"
"Guachochi","Chihuahua","IMSS-BIENESTAR","CHIMO000516","50"
"Patzcuaro","Michoacán de Ocampo","ISSSTE","MNIST000144","50"
"8/o. Regimiento Mecanizado","México","SEDENA","MCSDN000414","50"
"H Psiquiatrico Mf10 Postal","Ciudad de México","IMSS","DFIMS000790","50"
"Hosp. Gral. Renacimiento","Guerrero","SSA","GRSSA000034","50"
"Hospital Civil de Culiacán","Sinaloa","SME","SLSME000016","50"
"Concepción del Oro","Zacatecas","IMSS-BIENESTAR","ZSIMO000050","50"
"Iguala de La Independencia","Guerrero","ISSSTE","GRIST000153","50"
"Hospital General Valle de Santiago","Guanajuato","SSA","GTSSA017385","50"
"San Salvador El Seco","Puebla","IMSS-BIENESTAR","PLIMO002004","50"
"Hgsmf 26 Tuxpan","Veracruz de Ignacio de La Llave","IMSS","VZIMS001071","50"
"Hospital Para El Niño Imiem","México","SME","MCSME000011","50"
"Hospital Naval de Tampico","Tamaulipas","SEMAR","TSSMA000032","50"
"Hospital Privado de Hermosillo S.a. de C.v. Cima","Sonora","SMP","SRSMP000413","50"
"He de La Niñez Oaxaqueña","Oaxaca","SSA","OCSSA001463","50"
"Hospital Naval de Veracruz","Veracruz de Ignacio de La Llave","SEMAR","VZSMA000040","50"
"Hgz 71 Verac","Veracruz de Ignacio de La Llave","IMSS","VZIMS001124","50"
"Hospital General Huauchinango","Puebla","SSA","PLSSA016543","50"
"Hc Ixtlan de Juárez","Oaxaca","SSA","OCSSA000594","50"
"Hospital General de  Boca del Rio","Veracruz de Ignacio de La Llave","SSA","VZSSA010212","50"
"San Cristobal de Las Casas","Chiapas","ISSSTE","CSIST000193","50"
"Hospital General de Chetumal","Quintana Roo","SSA","QRSSA000373","50"
"Hospital de Tlapa","Guerrero","SSA","GRSSA008101","50"
"Hgzmf 28 Martinez Torre","Veracruz de Ignacio de La Llave","IMSS","VZIMS000651","50"
"Hg de Jojutla Dr. Ernesto Meana San Román","Morelos","SSA","MSSSA000961","50"
"Hgz 11 Piedras Negras","Coahuila de Zaragoza","IMSS","CLIMS000251","49"
"Hgz 3 Cancun","Quintana Roo","IMSS","QRIMS000060","49"
"Hes Oblatos","Jalisco","IMSS","JCIMS000301","49"
"Hgz 49 Los Mochis","Sinaloa","IMSS","SLIMS000020","48"
"Hgr 110 Oblatos","Jalisco","IMSS","JCIMS000354","48"
"Hgzmf 32 Guasave","Sinaloa","IMSS","SLIMS000271","48"
"19","Guanajuato","SSA","GTSSA002101","48"
"Hgz 3 Mante","Tamaulipas","IMSS","TSIMS000182","48"
"Zoquiapan Dr. Pedro López","México","SSA","MCSSA002761","48"
"Hospital General de Tampico Dr. Carlos Canseco","Tamaulipas","SSA","TSSSA005151","48"
"H.g. Dr.salvador González Herrejon","México","SSA","MCSSA001011","48"
"47/o. Batallon de Infanteria","Oaxaca","SEDENA","OCSDN000212","47"
"Hg Apatzingan","Michoacán de Ocampo","SSA","MNSSA017400","47"
"Instituto Nacional de Cardiología Ignacio Chávez","Ciudad de México","SSA/CC","DFSSA004031","47"
"Hes Cmn Siglo Xxi","Ciudad de México","IMSS","DFIMS000580","47"
"Hospital General Villa","Ciudad de México","SSA","DFSSA000881","47"
"Hgzmf 11 Cd. Delicias","Chihuahua","IMSS","CHIMS000206","47"
"Zitacuaro","Michoacán de Ocampo","ISSSTE","MNIST000231","47"
"H.g. Texcoco Guadalupe Victoria Bicentenario","México","SSA","MCSSA018412","47"
"Hospital General de Juarez","Nuevo León","SSA","NLSSA004985","47"
"Hospital Militar Regional de Chilpancingo Gro.","Guerrero","SEDENA","GRSDN000026","47"
"Hospital General Puruandiro","Michoacán de Ocampo","SSA","MNSSA016480","46"
"H.g. Dr. Maximiliano Ruíz Castañeda","México","SSA","MCSSA004074","46"
"Hg Zitacuaro","Michoacán de Ocampo","SSA","MNSSA004044","46"
"Hospital Y Centro Médico San Jorge de Monterrey Sa de Cv","Nuevo León","SMP","NLSMP000810","46"
"19 (extensión Hospital Pachuca)","Hidalgo","SSA","HGSSA005020","46"
"Swiss Hospital S.a.p.i. de C.v.","Nuevo León","SMP","NLSMP001355","46"
"Hospital General Patzcuaro","Michoacán de Ocampo","SSA","MNSSA005280","45"
"Hospital General de Atlixco Gonzalo Río Arronte","Puebla","SSA","PLSSA009292","45"
"Aguascalientes","Aguascalientes","ISSSTE","ASIST000016","45"
"Hospital General Miguel Hidalgo Y Costilla Bicentenario","México","SSA","MCSSA005730","45"
"19 San Cristobal de Las Casas","Chiapas","SSA","CSSSA009483","45"
"Hgr 45 Guadalajara","Jalisco","IMSS","JCIMS000366","44"
"Hgz 3 Navojoa","Sonora","IMSS","SRIMS000541","44"
"Hospital General de San Pablo del Monte","Tlaxcala","SSA","TLSSA001883","44"
"Hospital General Las Américas","México","SSA","MCSSA010280","44"
"Dr. Belisario Dominguez","Chiapas","ISSSTE","CSIST000251","44"
"Hgz 14 C/unidad Quemados","Sonora","IMSS","SRIMS000900","44"
"Hg Los Reyes","Michoacán de Ocampo","SSA","MNSSA016521","44"
"Hgsmf 2 Cd.constitucion","Baja California Sur","IMSS","BSIMS000014","43"
"Hi Cheran","Michoacán de Ocampo","SSA","MNSSA000836","43"
"H.g. Valentín Gómez Farías (san Francisco Zentlalpan)","México","SSA","MCSSA018750","43"
"Hospital Integral de Xicotepec","Puebla","SSA","PLSSA009283","43"
"Hgr 180 Tlajomulco","Jalisco","IMSS","JCIMS001392","43"
"Hg Tuxtepec","Oaxaca","SSA","OCSSA002146","43"
"Hospital Comunitario Jocotepec","Jalisco","SSA","JCSSA009364","43"
"Jáltipan de Morelos","Veracruz de Ignacio de La Llave","IMSS-BIENESTAR","VZIMO002105","43"
"Hospital Y Clínica Oca","Nuevo León","SMP","NLSMP000122","43"
"Umf 162 C/umaa","Ciudad de México","IMSS","DFIMS000826","42"
"Dr. Santiago Ramon Y Cajal","Durango","ISSSTE","DGIST000042","42"
"Hospital General Dr. Enrique Cabrera","Ciudad de México","SSA","DFSSA017886","42"
"Hgz 18 Playa del Carmen","Quintana Roo","IMSS","QRIMS000154","41"
"Hgsmf 26 Cabo San Lucas","Baja California Sur","IMSS","BSIMS000154","41"
"Puerto Vallarta","Jalisco","ISSSTE","JCIST000086","40"
"Hospital Regional de Alta Especialidad En Cd Victoria Bicentenario 2010","Tamaulipas","SSA/CC","TSSSA018292","40"
"28/o. Batallón de Infantería","Baja California","SEDENA","BCSDN000053","40"
"Hospital General de Huamantla","Tlaxcala","SSA","TLSSA017983","40"
"Centro de Salud Con Servicios Ampliados (cessa) San Pedro Cholula","Puebla","SSA","PLSSA008854","40"
"Hgzmf 10 S. Ixcuintla","Nayarit","IMSS","NTIMS000144","40"
"30/o. Batallón de Infantería","Michoacán de Ocampo","SEDENA","MNSDN000080","40"
"Hospital Regional Valle de Chalco Solidaridad Issemym","México","SME","MCSME000776","40"
"Hospital General de Subzona No. 12","Sonora","IMSS","SRIMS000915","40"
"Huajuapan de Leon","Oaxaca","ISSSTE","OCIST000042","40"
"Hg Dr. Miguel Silva","Michoacán de Ocampo","SSA","MNSSA001891","40"
"Tlaltenango de Sánchez Román","Zacatecas","IMSS-BIENESTAR","ZSIMO001182","40"
"Hc Río Grande","Oaxaca","SSA","OCSSA020684","40"
"Hospital General San Miguel Allende¨ Felipe G. Dobarganes¨","Guanajuato","SSA","GTSSA000310","40"
"Cd. Mante","Tamaulipas","ISSSTE","TSIST000054","40"
"Hg Hospital General de Matamoros Dr. Alfredo Pumarejo","Tamaulipas","SSA","TSSSA001031","39"
"Hgzmf 9 Cd. Guzman","Jalisco","IMSS","JCIMS000190","39"
"Hgzmf 6 Ocotlan","Jalisco","IMSS","JCIMS000651","39"
"Hospital Tlahuac","Ciudad de México","ISSSTE","DFIST001053","39"
"H.g. Valle de Bravo","México","SSA","MCSSA007982","38"
"Dr. Baudelio Villanueva","Tamaulipas","ISSSTE","TSIST000100","38"
"Hospital Dr. Julian A. Manzur Ocaña","Tabasco","SME","TCSME000011","38"
"Hospital General Los Mochis","Sinaloa","SSA","SLSSA000024","38"
"Hgzmf 6 Tepeji del Rio","Hidalgo","IMSS","HGIMS000123","38"
"Hgz 2 Tulancingo","Hidalgo","IMSS","HGIMS000181","38"
"Hgz 8 Uruapan","Michoacán de Ocampo","IMSS","MNIMS000424","38"
"Hgzmf 1 San Luis Potosi","San Luis Potosí","IMSS","SPIMS000171","38"
"Hgz 17 Monterrey","Nuevo León","IMSS","NLIMS000356","37"
"Hospital General de Guamuchil","Sinaloa","SSA","SLSSA018113","37"
"Hgz 67 Apodaca","Nuevo León","IMSS","NLIMS000636","37"
"8/o. Regimiento Blindado de Reconocimiento","Guanajuato","SEDENA","GTSDN000104","37"
"Hgsmf 30 Guamuchil","Sinaloa","IMSS","SLIMS000411","37"
"19 Tuxtla","Chiapas","SSA","CSSSA009471","37"
"Hgz 36 José Cardel","Veracruz de Ignacio de La Llave","IMSS","VZIMS000144","36"
"19 (extensión Hospital Huejutla)","Hidalgo","SSA","HGSSA005032","36"
"Tlaxcala","Tlaxcala","ISSSTE","TLIST000042","36"
"Hgsmf 9 Apatzigan","Michoacán de Ocampo","IMSS","MNIMS000021","36"
"Hgr 1 Ignacio García Tellez","Yucatán","IMSS","YNIMS000083","36"
"Centenario Hospital Miguel Hidalgo","Aguascalientes","SSA","ASSSA001331","35"
"Hgz 1 Aguascalientes","Aguascalientes","IMSS","ASIMS000021","35"
"6/o. Regimiento de Artillería","Oaxaca","SEDENA","OCSDN000224","35"
"Centro de Raqueta de Veracruz","Veracruz de Ignacio de La Llave","SSA","VZSSA008314","35"
"4/o. Batallón de Ingenieros de Combate","Jalisco","SEDENA","JCSDN000186","35"
"Hospital General Silao","Guanajuato","SSA","GTSSA017023","35"
"Hospital General de Chalco","México","SSA","MCSSA001682","34"
"Hgz 13 Matamoros","Tamaulipas","IMSS","TSIMS000211","34"
"Hgr 1 Culiacán","Sinaloa","IMSS","SLIMS000131","34"
"Hospital General de Minatitlan","Veracruz de Ignacio de La Llave","SSA","VZSSA003595","34"
"H.g. Dr. Fernando Quiroz Gutiérrez","México","SSA","MCSSA008945","34"
"Hospital Regional de Ciudad Guzman","Jalisco","SSA","JCSSA001326","34"
"Unidad de Hospitalizacion Temprana Covid Tabasco","Tabasco","SSA","TCSSA006565","33"
"H.g. Dr. José María Rodríguez","México","SSA","MCSSA002184","33"
"Hospital Regional de Alta Especialidad del Niño Dr. Rodolfo Nieto Padrón","Tabasco","SSA","TCSSA001040","33"
"Hospital General San José Iturbide","Guanajuato","SSA","GTSSA016912","33"
"Hospital Infantil de Especialidades de Ciudad Juárez","Chihuahua","SSA","CHSSA018012","33"
"Hospitaria","Nuevo León","SMP","NLSMP001271","33"
"Hg Dr. Javier Ramírez Topete","Chihuahua","SSA","CHSSA000570","33"
"Hgzmf 2 Apizaco","Tlaxcala","IMSS","TLIMS000030","33"
"Hes 71 Torreon","Coahuila de Zaragoza","IMSS","CLIMS000490","33"
"Zamora","Michoacán de Ocampo","ISSSTE","MNIST000226","33"
"Ensenada","Baja California","ISSSTE","BCIST000011","33"
"Hospital General de Caborca","Sonora","SSA","SRSSA006261","33"
"Hg Sahuayo","Michoacán de Ocampo","SSA","MNSSA002813","33"
"Christus Muguerza Sistemas Hospitalarios S. A. de C. V.","Nuevo León","SMP","NLSMP000040","33"
"Hospital General del Estado Dr. Ernesto Ramos Bours","Sonora","SSA","SRSSA001110","33"
"Hospital Tierra Y Libertad","Nuevo León","SSA","NLSSA005002","33"
"Chetumal","Quintana Roo","ISSSTE","QRIST000043","33"
"Cd. Guzman","Jalisco","ISSSTE","JCIST000045","33"
"Hgz 4 Guaymas","Sonora","IMSS","SRIMS000314","32"
"B. Hospital General Con Especialidades Juan María de Salvatierra","Baja California Sur","SSA","BSSSA001213","32"
"Hospital General de Axochiapan","Morelos","SSA","MSSSA003020","32"
"Hgs 7 La Piedad","Michoacán de Ocampo","IMSS","MNIMS000260","32"
"Hospital General de Ensenada","Baja California","SSA","BCSSA000015","31"
"Hgzmf 36 Coatzacoalcos","Veracruz de Ignacio de La Llave","IMSS","VZIMS000231","31"
"Hospital Comunitario Sayula","Jalisco","SSA","JCSSA004930","31"
"Hgz 4 Zamora","Michoacán de Ocampo","IMSS","MNIMS000506","31"
"Hgz 1 Saltillo","Coahuila de Zaragoza","IMSS","CLIMS000321","31"
"Unidad de Detección Y Diagnostico Saltillo","Coahuila de Zaragoza","IMSS","CLIMS000596","31"
"83/o. Batallón de Infantería","Veracruz de Ignacio de La Llave","SEDENA","VZSDN000174","30"
"45/o. Batallón de Infantería","Veracruz de Ignacio de La Llave","SEDENA","VZSDN000186","30"
"Hospital Regional de Alta Especialidad Dr. Juan Graham Casasus","Tabasco","SSA","TCSSA001064","30"
"Hospital  Naval de Lazaro Cardenas","Michoacán de Ocampo","SEMAR","MNSMA000011","30"
"Hg de Cuernavaca Dr. Jose G. Parres","Morelos","SSA","MSSSA000466","30"
"Hgr 1 Tijuana","Baja California","IMSS","BCIMS000373","30"
"Hes 1 Merida","Yucatán","IMSS","YNIMS000071","30"
"Hospital General Tecamachalco","Puebla","SSA","PLSSA016893","30"
"Hospital General Zacapu","Michoacán de Ocampo","SSA","MNSSA005275","30"
"Hgz 51 Chapala","Durango","IMSS","DGIMS000095","30"
"Hcard 34 Lincoln","Nuevo León","IMSS","NLIMS000315","30"
"Came Velodromo de Xalapa","Veracruz de Ignacio de La Llave","SSA","VZSSA008326","30"
"Hg Ciudad Hidalgo","Michoacán de Ocampo","SSA","MNSSA016492","30"
"Hgsmf 41 Huatulco","Oaxaca","IMSS","OCIMS000281","29"
"Hospital Integral Ixtlán del Río","Nayarit","SSA","NTSSA000474","29"
"Hospital Básico Comunitario de Compostela","Nayarit","SSA","NTSSA016060","29"
"Hgzmf 12 Lazaro Cardenas","Michoacán de Ocampo","IMSS","MNIMS000161","29"
"Hospital General del Bajo Rio Mayo","Sonora","SSA","SRSSA018313","29"
"Hospital Basico Comunitario de Xilitla","San Luis Potosí","SSA","SPSSA017144","29"
"Hgz 46 Gomez Palacio","Durango","IMSS","DGIMS000083","29"
"Hgz 42 Pto. Vallarta","Jalisco","IMSS","JCIMS000692","29"
"Hgr 6 Cd. Madero","Tamaulipas","IMSS","TSIMS000071","29"
"Hospital Regional Río Blanco","Veracruz de Ignacio de La Llave","SSA","VZSSA004860","29"
"Umf 34 La Paz","Baja California Sur","IMSS","BSIMS000125","29"
"Hospital General de Sabinas Hidalgo","Nuevo León","SSA","NLSSA004990","29"
"Zacatecas","Zacatecas","ISSSTE","ZSIST000160","28"
"Hospital General Tijuana","Baja California","SSA","BCSSA000913","28"
"Dr. Francisco Galindo Chavez","Coahuila de Zaragoza","ISSSTE","CLIST000123","28"
"Hes 2 Cm Obregon","Sonora","IMSS","SRIMS000150","28"
"Hospital General de Zacatlán","Puebla","SSA","PLSSA015551","28"
"Hes 14 Cmn Verac","Veracruz de Ignacio de La Llave","IMSS","VZIMS001112","27"
"Christus Muguerza Monterrey S. A. de C. V.","Nuevo León","SMP","NLSMP000052","27"
"Veracruz","Veracruz de Ignacio de La Llave","ISSSTE","VZIST000301","27"
"64/o Batallón de Infantería","Quintana Roo","SEDENA","QRSDN000073","27"
"Hospital General San Juan del Río","Querétaro","SSA","QTSSA012935","26"
"Hospital Civil Dr. Antonio González Guevara","Nayarit","SSA","NTSSA001594","26"
"Hgz 3 Tuxtepec","Oaxaca","IMSS","OCIMS000182","26"
"Hospital General Culiacan","Sinaloa","SSA","SLSSA002660","26"
"Hgzmf 2 Saltillo","Coahuila de Zaragoza","IMSS","CLIMS000333","26"
"Celaya","Guanajuato","ISSSTE","GTIST000045","26"
"C.s. C/ Hospitalización Adán G. Velarde","Baja California Sur","SSA","BSSSA000192","25"
"Hospital Mixto Jesús María","Nayarit","SSA","NTSSA000660","25"
"Umf 161 Av. Toluca","Ciudad de México","IMSS","DFIMS000802","25"
"Dr. Bernardo Sepulveda Gutiérrez","Guerrero","SSA","GRSSA004753","25"
"Oxkutzcab","Yucatán","IMSS-BIENESTAR","YNIMO000446","25"
"Chiautla de Tapia","Puebla","IMSS-BIENESTAR","PLIMO000633","25"
"Hospital General de Cancún Dr Jesus Kumate Rodriguez","Quintana Roo","SSA","QRSSA018062","25"
"Fray Junipero Serra","Baja California","ISSSTE","BCIST000093","25"
"Hospital Regional Otomi Tepehua","Hidalgo","SSA","HGSSA002751","25"
"Hospital General de Zona No. 10","Colima","IMSS","CMIMS000133","25"
"Centro Oncologico de La Región  Sureste de Coahuila","Coahuila de Zaragoza","SSA","CLSSA002932","25"
"1/er. Regimiento Blindado de Reconocimiento","Querétaro","SEDENA","QTSDN000052","25"
"Hgzmf 24 Nueva Rosita","Coahuila de Zaragoza","IMSS","CLIMS000391","25"
"Hospital Comunitario Apaseo El Grande","Guanajuato","SSA","GTSSA000585","25"
"Hes 1 Leon","Guanajuato","IMSS","GTIMS000226","25"
"Hgz 30 Mexicali","Baja California","IMSS","BCIMS000122","25"
"Servicios Integrales Nova de Monterrey S.a. de C.v.","Nuevo León","SMP","NLSMP000110","25"
"Hes 25 Monterrey","Nuevo León","IMSS","NLIMS000303","25"
"Huauchinango","Puebla","ISSSTE","PLIST000072","25"
"Hospital General de Tacambaro Maria Zendejas","Michoacán de Ocampo","SSA","MNSSA002965","25"
"Hgsmf 8 Tlaxcala","Tlaxcala","IMSS","TLIMS000194","24"
"Hospital General de Cabo San Lucas","Baja California Sur","SSA","BSSSA001131","24"
"Hgzmf 1 Tapachula","Chiapas","IMSS","CSIMS000205","24"
"Hgr 12 Benito Juárez","Yucatán","IMSS","YNIMS000095","24"
"Hgzmf 1 Durango","Durango","IMSS","DGIMS000042","24"
"Hg La Piedad","Michoacán de Ocampo","SSA","MNSSA016533","24"
"Gomez Palacio","Durango","ISSSTE","DGIST000054","24"
"Hospital General de Zona No. 5","Sonora","IMSS","SRIMS000920","24"
"Hgz 6 Cd. Valles","San Luis Potosí","IMSS","SPIMS000072","23"
"Hospital General Navojoa","Sonora","SSA","SRSSA001670","23"
"Hgr 20 Tijuana","Baja California","IMSS","BCIMS000262","23"
"Hospital de La Mujer","Sinaloa","SSA","SLSSA017606","23"
"Sanatorio Naval de Pto. Vallarta","Jalisco","SEMAR","JCSMA000011","22"
"Hospital Pediátrico de Sinaloa","Sinaloa","SSA","SLSSA002556","22"
"Hospital Materno Infantil Issemym","México","SME","MCSME000916","22"
"Hgr 270 Reynosa","Tamaulipas","IMSS","TSIMS000533","22"
"Hgzmf 1 Chetumal","Quintana Roo","IMSS","QRIMS000031","22"
"Chicontepec de Tejeda","Veracruz de Ignacio de La Llave","IMSS-BIENESTAR","VZIMO001055","22"
"Ario de Rosales","Michoacán de Ocampo","IMSS-BIENESTAR","MNIMO000244","22"
"Hospital General Chilapa de Álvarez Pzc","Guerrero","SSA","GRSSA010510","21"
"Hgz 2 Fresnillo","Zacatecas","IMSS","ZSIMS000090","21"
"Hospital Lic. Adolfo López Mateos (cd. Obregón)","Sonora","SME","SRSME000023","20"
"Cd. Cancun","Quintana Roo","ISSSTE","QRIST000055","20"
"Merida","Yucatán","ISSSTE","YNIST000030","20"
"Cerritos","San Luis Potosí","IMSS-BIENESTAR","SPIMO000283","20"
"Hospital General de Mexicali","Baja California","SSA","BCSSA000440","20"
"Hospital Comunitario Tomatlan","Jalisco","SSA","JCSSA006115","20"
"18/o. Regimiento  Caballería Motorizado","Tabasco","SEDENA","TCSDN000081","20"
"Hospital de Traumatología Y Ortopedia Doctor Y General Rafael Moreno Valle","Puebla","SSA","PLSSA009394","20"
"52/o. Batallón de Infantería","Zacatecas","SEDENA","ZSSDN000050","20"
"Hospital Comunitario de San Juan de Los Lagos","Jalisco","SSA","JCSSA013045","20"
"Hospital General de Zona No. 3","Aguascalientes","IMSS","ASIMS000161","20"
"Hospital Civil de Guadalajara Juan I. Menchaca","Jalisco","SSA","JCSSA002224","20"
"Hospital General de Saltillo","Coahuila de Zaragoza","SSA","CLSSA002734","20"
"San Jose del Cabo","Baja California Sur","ISSSTE","BSIST000101","20"
"Cessa Maximiliano Dorantes","Tabasco","SSA","TCSSA001245","19"
"Hospital Regional Cocula","Jalisco","SSA","JCSSA001401","19"
"24/o. Batallon de Infanteria","Sonora","SEDENA","SRSDN000192","19"
"Hospital General de Metztitlán","Hidalgo","SSA","HGSSA017941","19"
"Hospital General Culiacán","Sinaloa","SSA","SLSSA000666","19"
"Hgzmf 16 C. Cuauhtémoc","Chihuahua","IMSS","CHIMS000095","18"
"Hgzmf 23 Hidalgo Parral","Chihuahua","IMSS","CHIMS000276","18"
"Hospital Pediátrico Villa","Ciudad de México","SSA","DFSSA000840","18"
"Hospital General Cd. Acuña","Coahuila de Zaragoza","SSA","CLSSA000033","18"
"Hospital Ángel Leaño","Jalisco","SSA","JCSSA008466","18"
"Hg Infantil Eva Samano de López Mateos","Michoacán de Ocampo","SSA","MNSSA001874","17"
"Ixmiquilpan","Hidalgo","IMSS-BIENESTAR","HGIMO000771","17"
"Cd. Obregon","Sonora","ISSSTE","SRIST000046","17"
"Venustiano Carranza","Chiapas","IMSS-BIENESTAR","CSIMO005210","17"
"Cd. Constitucion","Baja California Sur","ISSSTE","BSIST000014","17"
"Hc Tuzantla","Michoacán de Ocampo","SSA","MNSSA016504","17"
"Clínica A. I. R. Médica 2000 S.a. de C.v","Tabasco","SMP","TCSMP002315","17"
"San Juanito","Chihuahua","IMSS-BIENESTAR","CHIMO000224","17"
"Hies de Chihuahua","Chihuahua","SSA","CHSSA018514","17"
"Hgr 1 Chihuahua","Chihuahua","IMSS","CHIMS000136","16"
"Hospital General de Manzanillo","Colima","SSA","CMSSA001356","16"
"5 de Diciembre","Baja California","ISSSTE","BCIST000040","16"
"Hospital General de Playa del Carmen","Quintana Roo","SSA","QRSSA018001","16"
"Hospital de La Santa Cruz S.a. de C.v.","Querétaro","SMP","QTSMP000215","16"
"Hospital Regional Materno Infantil","Nuevo León","SSA","NLSSA014295","16"
"Hospital General Torre Médica Tepepan","Ciudad de México","SSA","DFSSA002672","15"
"497/o.batallon de Infanteria","Baja California Sur","SEDENA","BSSDN000044","15"
"19 (extensión Hospital Huehuetla)","Hidalgo","SSA","HGSSA005044","15"
"Huetamo de Núñez","Michoacán de Ocampo","IMSS-BIENESTAR","MNIMO001125","15"
"Hgzmf 7 Monclova","Coahuila de Zaragoza","IMSS","CLIMS000111","15"
"Hg  Juárez","Chihuahua","SSA","CHSSA001801","15"
"62/o. Batallón de Infantería","Durango","SEDENA","DGSDN000072","15"
"Hospital General Torreón","Coahuila de Zaragoza","SSA","CLSSA002862","15"
"Hgz 8 Caborca","Sonora","IMSS","SRIMS000116","14"
"Hospital Nuevo Gomez Palacio","Durango","SSA","DGSSA002414","14"
"Hospital Comunitario Ciudad del Maíz","San Luis Potosí","SSA","SPSSA000262","14"
"Poza Rica de Hidalgo","Veracruz de Ignacio de La Llave","ISSSTE","VZIST000226","14"
"Hospital Regional de Magdalena","Jalisco","SSA","JCSSA003496","14"
"Hospital Comunitario de Tenosique","Tabasco","SSA","TCSSA004716","14"
"Hospital Comunitario Yuriria","Guanajuato","SSA","GTSSA017431","14"
"Hospital Comunitario San Bernardino Contla","Tlaxcala","SSA","TLSSA000722","14"
"Hg Hospital General Nuevo Laredo","Tamaulipas","SSA","TSSSA001550","14"
"Hospital General Felipe Carrillo Puerto","Quintana Roo","SSA","QRSSA000023","14"
"Hospital General de Matehuala","San Luis Potosí","SSA","SPSSA002992","14"
"Hgz 2 Tuxtla Gutiérrez","Chiapas","IMSS","CSIMS000251","14"
"Hg Zamora","Michoacán de Ocampo","SSA","MNSSA003945","13"
"Centinela Fenapo San Luis Potosi","San Luis Potosí","SSA","SPSSA003540","13"
"Hospital Regional de Puerto Vallarta","Jalisco","SSA","JCSSA004230","13"
"Hospital General Lázaro Cárdenas","Michoacán de Ocampo","SSA","MNSSA001722","13"
"Hospital Regional de La Barca","Jalisco","SSA","JCSSA013815","13"
"Hgs 6 Tecate","Baja California","IMSS","BCIMS000443","13"
"Dr. Daniel Gurria Urgell","Tabasco","ISSSTE","TCIST000063","12"
"Tula","Tamaulipas","IMSS-BIENESTAR","TSIMO000871","12"
"Clinica Hospital Isssteson de Nogales","Sonora","SME","SRSME000260","12"
"Buenavista","Michoacán de Ocampo","IMSS-BIENESTAR","MNIMO003954","12"
"Hospital Regional Tepatitlan","Jalisco","SSA","JCSSA005584","12"
"Hospital Integral de Tlanchinol","Hidalgo","SSA","HGSSA015503","12"
"Hgzmf 18 Torreon","Coahuila de Zaragoza","IMSS","CLIMS000444","12"
"Huautla de Jiménez","Oaxaca","IMSS-BIENESTAR","OCIMO000352","12"
"Hgzmf 4 Cd. Carmen","Campeche","IMSS","CCIMS000045","12"
"Río Grande","Zacatecas","IMSS-BIENESTAR","ZSIMO000914","12"
"Hospital Comunitario Atotonilco El Alto Madre María Luisita de La Peña Navarro","Jalisco","SSA","JCSSA013762","12"
"Hospital Regional de Alta Especialidad Dr. Gustavo A. Rovirosa Pérez","Tabasco","SSA","TCSSA001052","12"
"Hospital General Dr. Pedro Daniel Martínez","Michoacán de Ocampo","SSA","MNSSA003735","12"
"4/o. Regimiento Mecanizado","Aguascalientes","SEDENA","ASSDN000046","12"
"19 En Valladolid","Yucatán","SSA","YNSSA001871","11"
"Cd. Victoria","Tamaulipas","ISSSTE","TSIST000153","11"
"Coalcomán de Vázquez Pallares","Michoacán de Ocampo","IMSS-BIENESTAR","MNIMO000425","11"
"Hospital Militar Regional de Mérida Yuc.","Yucatán","SEDENA","YNSDN000014","11"
"Huejutla de Reyes","Hidalgo","ISSSTE","HGIST000041","11"
"Hospital General Tercer Milenio","Aguascalientes","SSA","ASSSA000030","10"
"Comitan de Dominguez","Chiapas","ISSSTE","CSIST000065","10"
"Hgz 46 Dr. B Reynés B","Tabasco","IMSS","TCIMS000121","10"
"Hospital General de Occidente","Jalisco","SSA","JCSSA007066","10"
"Hospital Materno Infantil de Coatzacoalcos","Veracruz de Ignacio de La Llave","SSA","VZSSA008290","10"
"Hospital Comunitario La Huerta","Jalisco","SSA","JCSSA002632","10"
"2/o. Regimiento Caballería Motorizado","Baja California","SEDENA","BCSDN000041","10"
"Hgzmf 8 Ensenada","Baja California","IMSS","BCIMS000011","10"
"Hospital Rural Los Hernandez","San Luis Potosí","IMSS-BIENESTAR","SPIMO002651","10"
"Hgz 35 Cd.juárez","Chihuahua","IMSS","CHIMS000305","10"
"Hgz 6 Cd.juárez","Chihuahua","IMSS","CHIMS000293","10"
"Hospital Comunitario de Magdalena","Sonora","SSA","SRSSA006290","10"
"Hped Cmn Siglo Xxi","Ciudad de México","IMSS","DFIMS000616","10"
"Hospital General de Tekax","Yucatán","SSA","YNSSA013476","10"
"Hgzmf 1 Campeche","Campeche","IMSS","CCIMS000016","10"
"Reconversión Hospitalaria Extendida del Centro Médico Dr. Ignacio Chávez","Sonora","SME","SRSME000303","9"
"Hospital General del Valle del Mezquital Ixmiquilpan","Hidalgo","SSA","HGSSA001590","9"
"Hospital de La Mujer","Michoacán de Ocampo","SSA","MNSSA001862","9"
"Hospital General Guasave","Sinaloa","SSA","SLSSA001255","9"
"Hospital General Reynosa Dr. José María Cantú Garza","Tamaulipas","SSA","TSSSA001772","9"
"Hospital Comunitario Tamazunchale","San Luis Potosí","SSA","SPSSA001703","9"
"Hospital Comunitario San Francisco del Rincón","Guanajuato","SSA","GTSSA003793","8"
"Zacualtipán","Hidalgo","IMSS-BIENESTAR","HGIMO002043","8"
"Hgsmf 4 Tecoman","Colima","IMSS","CMIMS000104","8"
"Tamazunchale","San Luis Potosí","ISSSTE","SPIST000142","8"
"H.g.r. Emilio Sánchez Piedras","Tlaxcala","SSA","TLSSA001376","8"
"Hgs 22 N.casas Grandes","Chihuahua","IMSS","CHIMS000450","8"
"Hospital General Escuinapa","Sinaloa","SSA","SLSSA018253","8"
"Centinela Auditorio Municipal Matehuala","San Luis Potosí","SSA","SPSSA003523","7"
"Agosto 12","Tamaulipas","ISSSTE","TSIST000095","7"
"Metepec","Hidalgo","IMSS-BIENESTAR","HGIMO000952","7"
"Hg Hospital General Altamira Dr Rodolfo Torre Cantú","Tamaulipas","SSA","TSSSA018514","7"
"29/o Batallón de Infantería","Colima","SEDENA","CMSDN000040","7"
"19/o. Regimiento de Caballería Motorizado","Tamaulipas","SEDENA","TSSDN000096","7"
"Hgzmf 16 Torreon","Coahuila de Zaragoza","IMSS","CLIMS000432","6"
"Hospital del Niño Y La Mujer Dr. Alberto López Hermosa","San Luis Potosí","SSA","SPSSA017301","6"
"23/o. Batallon de Infantería","Chihuahua","SEDENA","CHSDN000043","6"
"Hospital de Especialidades de Chetumal","Quintana Roo","SSA","QRSSA001843","6"
"Hto 21 Monterrey","Nuevo León","IMSS","NLIMS000344","6"
"Hospital Regional de Autlan","Jalisco","SSA","JCSSA000631","6"
"Hospital Dr. Manuel Campos","Campeche","SSA","CCSSA000100","5"
"Hospital Covid Fresnillo","Zacatecas","SSA","ZSSSA002322","5"
"Hgzmf 35 Cosamaloapan","Veracruz de Ignacio de La Llave","IMSS","VZIMS000342","5"
"Hospital General El Dorado","Sinaloa","SSA","SLSSA018265","5"
"Hospital General Rincón de Romos","Aguascalientes","SSA","ASSSA000655","5"
"Hg Hospital General de Cd. Mante Dr. Emilio Martínez Manautou","Tamaulipas","SSA","TSSSA018000","4"
"Hgr 17 Cancun","Quintana Roo","IMSS","QRIMS000142","4"
"Hospital Comunitario Colotlan","Jalisco","SSA","JCSSA001454","4"
"Isssteleón","Nuevo León","SME","NLSME000024","4"
"Hgr 66 Cd. Juárez","Chihuahua","IMSS","CHIMS000573","3"
"9/o. Regimiento de Caballería Motorizado","Chihuahua","SEDENA","CHSDN000031","3"
"Hospital Comunitario Huejuquilla","Jalisco","SSA","JCSSA008401","3"
"Hgz 2 Cardenas","Tabasco","IMSS","TCIMS000022","2"
"Cessa Sanctorum","Puebla","SSA","PLSSA017065","0"
"Hospital Nacional Homeopático","Ciudad de México","SSA/CC","DFSSA003990","0"
"Villa Ocaranza","Hidalgo","SSA","HGSSA003941","0"
"Hospital General de Escarcega Dr. Janell Romero Aguilar","Campeche","SSA","CCSSA017682","0"
"Hospital Integral Puente de Camotlán","Nayarit","SSA","NTSSA015425","0"
"Dr. Aquiles Calles Ramirez","Nayarit","ISSSTE","NTIST000120","0"
"Hospital General de Agua Prieta","Sonora","SSA","SRSSA017671","0"
"Hospital General de Cananea","Sonora","SSA","SRSSA006285","0"
"Zacapoaxtla","Puebla","IMSS-BIENESTAR","PLIMO002890","0"
"Hospital de La Mujer","Chihuahua","SSA","CHSSA001796","0"
"Fresnillo","Zacatecas","ISSSTE","ZSIST000032","0"
"San Cayetano","Nayarit","IMSS-BIENESTAR","NTIMO000705","0"
"Hospital General Bicentenario Villaflores","Chiapas","SSA","CSSSA018875","0"
"19 Villaflores","Chiapas","SSA","CSSSA009500","0"
"Hg Tehuantepec","Oaxaca","SSA","OCSSA018473","0"
"Hc San Pedro Tapanatepec","Oaxaca","SSA","OCSSA003826","0"
"Hc San Pedro Huamelula","Oaxaca","SSA","OCSSA021256","0"
"Valle de Ignacio Allende","Chihuahua","IMSS-BIENESTAR","CHIMO000043","0"
"Hidalgo del Parral","Chihuahua","ISSSTE","CHIST000095","0"
"Hg María Lombardo de Caso","Oaxaca","SSA","OCSSA002320","0"
"Hospital General de Parral","Chihuahua","SSA","CHSSA018444","0"
"Ramos Arizpe","Coahuila de Zaragoza","IMSS-BIENESTAR","CLIMO000445","0"
"Hg Salina Cruz","Oaxaca","SSA","OCSSA019873","0"
"Matías Romero Avendaño","Oaxaca","IMSS-BIENESTAR","OCIMO000475","0"
"Hg Ciudad Ixtepec","Oaxaca","SSA","OCSSA016764","0"
"Enfermería Militar de Ixtepec Oax.","Oaxaca","SEDENA","OCSDN000014","0"
"Vicente Guerrero","Durango","IMSS-BIENESTAR","DGIMO001595","0"
"Guadalupe Victoria","Durango","IMSS-BIENESTAR","DGIMO000352","0"
"Nogales","Sonora","ISSSTE","SRIST000174","0"
"Hospital Basico Comunitario Las Varas","Nayarit","SSA","NTSSA016084","0"
"Hospital General de Durango","Durango","SSA","DGSSA000191","0"
"Hospital Basico Comunitario de Tondoroque","Nayarit","SSA","NTSSA015874","0"
"Hospital Materno de San Luis de La Paz","Guanajuato","SSA","GTSSA017472","0"
"Hospital General San Francisco","Nayarit","SSA","NTSSA002084","0"
"Hospital Integral Zacapoaxtla","Puebla","SSA","PLSSA008281","0"
"Hc Tamazola","Oaxaca","SSA","OCSSA019132","0"
"Hc Hospital Integral Comunitario Chalcatongo","Oaxaca","SSA","OCSSA000343","0"
"Hc Nochixtlan","Oaxaca","SSA","OCSSA000121","0"
"Hospital Militar de Zona de Mexicali B. C.","Baja California","SEDENA","BCSDN000012","0"
"Rodeo","Durango","IMSS-BIENESTAR","DGIMO001093","0"
"Hgsmf 4 Navolato","Sinaloa","IMSS","SLIMS000435","0"
"Ixtepec","Puebla","IMSS-BIENESTAR","PLIMO003450","0"
"Motozintla de Mendoza","Chiapas","IMSS-BIENESTAR","CSIMO002620","0"
"Hospital Integral Cinta Larga","Hidalgo","SSA","HGSSA002162","0"
"Sanatorio Naval de Matamoros","Tamaulipas","SEMAR","TSSMA000015","0"
"Hospital General Actopan","Hidalgo","SSA","HGSSA000156","0"
"Hg Puerto Escondido","Oaxaca","SSA","OCSSA020030","0"
"Hospital Básico Comunitario Huehuetla","Hidalgo","SSA","HGSSA015561","0"
"Hospital Integral Navolato","Sinaloa","SSA","SLSSA002491","0"
"Hospital Integral Concordia","Sinaloa","SSA","SLSSA000473","0"
"Hospital Comunitario Aquismon","San Luis Potosí","SSA","SPSSA000064","0"
"Centinela Coxcatlan","San Luis Potosí","SSA","SPSSA003576","0"
"Coscomatepec de Bravo","Veracruz de Ignacio de La Llave","IMSS-BIENESTAR","VZIMO000862","0"
"Hgz 8 Cordoba","Veracruz de Ignacio de La Llave","IMSS","VZIMS000296","0"
"Villa Unión","Sinaloa","IMSS-BIENESTAR","SLIMO000733","0"
"19 Siglo Xxi","Yucatán","SSA","YNSSA001866","0"
"7/o. Batallon de Ingenieros de Combate","Yucatán","SEDENA","YNSDN000084","0"
"Hospital Militar Regional del Cipres B. C.","Baja California","SEDENA","BCSDN000024","0"
"Villamar","Michoacán de Ocampo","IMSS-BIENESTAR","MNIMO003942","0"
"Nueva Rosita","Coahuila de Zaragoza","ISSSTE","CLIST000193","0"
"Cd. Sabinas","Coahuila de Zaragoza","ISSSTE","CLIST000181","0"
"Hospital Militar Regional de Mazatlán Sin.","Sinaloa","SEDENA","SLSDN000016","0"
"Hospital Integral de El Rosario","Sinaloa","SSA","SLSSA001873","0"
"Hospital Militar Regional de Acapulco Gro.","Guerrero","SEDENA","GRSDN000014","0"
"Hospital General Candelaria","Campeche","SSA","CCSSA001220","0"
"Hospital Militar Regional de Tuxpan Ver.","Veracruz de Ignacio de La Llave","SEDENA","VZSDN000022","0"
"11/o. Batallon de Infanteria","Yucatán","SEDENA","YNSDN000072","0"
"Clínica Hospital Mérida","Yucatán","ISSSTE","YNIST000170","0"
"Hc Loma Bonita","Oaxaca","SSA","OCSSA019844","0"
"Maxcanú","Yucatán","IMSS-BIENESTAR","YNIMO000376","0"
"Hospital Comunitario Villagran","Guanajuato","SSA","GTSSA016994","0"
"Yuc","Yucatán","IMSS-BIENESTAR","YNIMO000311","0"
"Hospital Infantil del Estado de Sonora","Sonora","SSA","SRSSA001105","0"
"Hospital Comunitario Cortazar","Guanajuato","SSA","GTSSA001121","0"
"Hospital Militar Regional de Hermosillo Son.","Sonora","SEDENA","SRSDN000011","0"
"Anexo Al Nuevo Hospital General de Queretaro","Querétaro","SSA","QTSSA002896","0"
"Hospital Materno Celaya","Guanajuato","SSA","GTSSA017530","0"
"Acanceh","Yucatán","IMSS-BIENESTAR","YNIMO000031","0"
"Hc Teotitlán de Flores Magón","Oaxaca","SSA","OCSSA021080","0"
"Tecmeculan","Oaxaca","SSA","OCSSA018922","0"
"Hospital Militar Regional de San Luis Potosí Slp.","San Luis Potosí","SEDENA","SPSDN000015","0"
"Hg San Pablo Huixtepec Dr. Manuel Velasco Suárez","Oaxaca","SSA","OCSSA003406","0"
"Hospital Regional  Yahualica","Jalisco","SSA","JCSSA006890","0"
"Hc Villa Sola Vega","Oaxaca","SSA","OCSSA021116","0"
"Hg Cuicatlan Dr. Alberto Vargas Merino","Oaxaca","SSA","OCSSA002052","0"
"Hospital del Niño Morelense","Morelos","SSA","MSSSA002863","0"
"Villanueva","Zacatecas","IMSS-BIENESTAR","ZSIMO001404","0"
"Hidalgo","Tamaulipas","IMSS-BIENESTAR","TSIMO001250","0"
"Hospital Militar de Zona Cuernavaca Mor.","Morelos","SEDENA","MSSDN000014","0"
"Hc Tlacotepec","Oaxaca","SSA","OCSSA018736","0"
"Hospital Movil Temporal Covid","Oaxaca","SSA","OCSSA007920","0"
"Hospital Comunitario Moctezuma","Sonora","SSA","SRSSA001612","0"
"Hospital Comunitario  Ures","Sonora","SSA","SRSSA002295","0"
"6/o. Batallón de Fuerzas Especiales","México","SEDENA","MCSDN000390","0"
"Centro de Salud Urbano Huauchinango","Puebla","SSA","PLSSA015032","0"
"Hc Tamazulapan","Oaxaca","SSA","OCSSA000384","0"
"Villa Ávila Camacho (la Ceiba)","Puebla","IMSS-BIENESTAR","PLIMO002803","0"
"San Ildefonso Villa Alta","Oaxaca","IMSS-BIENESTAR","OCIMO001315","0"
"16/o. Regimiento de Caballería Motorizado","Tamaulipas","SEDENA","TSSDN000101","0"
"Hospital Integral Valle del Carrizo","Sinaloa","SSA","SLSSA002573","0"
"Hospital Integral José María Morelos","Quintana Roo","SSA","QRSSA001312","0"
"Tlacolula de Matamoros","Oaxaca","IMSS-BIENESTAR","OCIMO004750","0"
"Hospital de Las Culturas San Cristobal de Las Casas","Chiapas","SSA","CSSSA018764","0"
"Hospital Integral Choix","Sinaloa","SSA","SLSSA000963","0"
"El Fuerte","Sinaloa","IMSS-BIENESTAR","SLIMO000576","0"
"Hospital de La Mujer San Cristóbal de Las Casas","Chiapas","SSA","CSSSA005773","0"
"San Felipe Ecatepec","Chiapas","IMSS-BIENESTAR","CSIMO003863","0"
"Hi Coahuayana","Michoacán de Ocampo","SSA","MNSSA000462","0"
"Hospital Comunitario Mazamitla","Jalisco","SSA","JCSSA008075","0"
"San Carlos","Tamaulipas","IMSS-BIENESTAR","TSIMO000661","0"
"Hi Arteaga","Michoacán de Ocampo","SSA","MNSSA000310","0"
"Hc Maruata","Michoacán de Ocampo","SSA","MNSSA016550","0"
"Rio Bravo","Tamaulipas","ISSSTE","TSIST000170","0"
"Hospital Integral de Bacalar","Quintana Roo","SSA","QRSSA000460","0"
"Soto La Marina","Tamaulipas","IMSS-BIENESTAR","TSIMO000796","0"
"Hospital Comunitario de Tamuin","San Luis Potosí","SSA","SPSSA017132","0"
"Hospital Comunitario Ebano","San Luis Potosí","SSA","SPSSA002770","0"
"Hospital General de Ciudad Constitución","Baja California Sur","SSA","BSSSA001510","0"
"Hospital Comunitario de Loreto","Baja California Sur","SSA","BSSSA000933","0"
"Unidad de Cirugía Ambulatoria Valles","San Luis Potosí","SSA","SPSSA017120","0"
"Hgz 15 Cd. Reynosa","Tamaulipas","IMSS","TSIMS000310","0"
"Hospital General  Raúl A. Carrillo","Baja California Sur","SSA","BSSSA000595","0"
"Centinela Auditorio Manuel Gomez Morin","San Luis Potosí","SSA","SPSSA003564","0"
"Matehuala","San Luis Potosí","IMSS-BIENESTAR","SPIMO000732","0"
"Santa Rosalia","Baja California Sur","ISSSTE","BSIST000043","0"
"La Union","Guerrero","IMSS-BIENESTAR","GRIMO000171","0"
"Hospital Integral Jacala","Hidalgo","SSA","HGSSA001795","0"
"Hospital Militar Zona de Chetumal Q. Roo","Quintana Roo","SEDENA","QRSDN000015","0"
"Hospital Obstetrico Pachuca","Hidalgo","SSA","HGSSA002425","0"
"Hi Nueva Italia","Michoacán de Ocampo","SSA","MNSSA002142","0"
"Hospital Integral Cosala","Sinaloa","SSA","SLSSA000572","0"
"Hospital General La Cruz","Sinaloa","SSA","SLSSA017594","0"
"Hospital Integral San Ignacio","Sinaloa","SSA","SLSSA017570","0"
"Hospital Comunitario de La Huacana","Michoacán de Ocampo","SSA","MNSSA016545","0"
"Plan de Arroyos","Veracruz de Ignacio de La Llave","IMSS-BIENESTAR","VZIMO006153","0"
"Manzanillo","Colima","ISSSTE","CMIST000022","0"
"Ocozocoautla de Espinosa","Chiapas","IMSS-BIENESTAR","CSIMO003081","0"
"Hc Valle Nacional","Oaxaca","SSA","OCSSA020025","0"
"19 Isstech Tuxtla","Chiapas","SME","CSSME000066","0"
"Hc Temascal","Oaxaca","SSA","OCSSA020100","0"
"Tuxtla (u.n.e.m.e. Cirugía Ambulatoria Y Torre de Diagnóstico)","Chiapas","SSA","CSSSA019534","0"
"Hospital Militar Regional de Tuxtla Gtz. Chis.","Chiapas","SEDENA","CSSDN000013","0"
"Hospital Chiapas Nos Une Dr. Jesus Gilberto Gomez Maza","Chiapas","SSA","CSSSA019954","0"
"Tuxtepec","Oaxaca","ISSSTE","OCIST000165","0"
"Cd. Cuauhtemoc","Chihuahua","ISSSTE","CHIST000025","0"
"Hospital Comunitario Salinas de Hidalgo","San Luis Potosí","SSA","SPSSA001032","0"
"Guadalajara","Jalisco","ISSSTE","JCIST000873","0"
"Centinela El Refugio","San Luis Potosí","SSA","SPSSA003535","0"
"Centinela Auditorio Municipal Benito Juarez","San Luis Potosí","SSA","SPSSA003511","0"
"Hospital Integral Mocorito","Sinaloa","SSA","SLSSA001716","0"
"Hospital Integral Angostura","Sinaloa","SSA","SLSSA000193","0"
"Hospital Comunitario Alamos","Sonora","SSA","SRSSA000055","0"
"Hospital Comunitario Teocaltiche","Jalisco","SSA","JCSSA005461","0"
"Hospital Comunitario Ojuelos","Jalisco","SSA","JCSSA003986","0"
"Hospital Comunitario Encarnación de Diaz","Jalisco","SSA","JCSSA001990","0"
"Hgs 33 Tierra Blanca","Veracruz de Ignacio de La Llave","IMSS","VZIMS001013","0"
"Centro de Salud Con Servicios Ampliados (cessa) de Amozoc","Puebla","SSA","PLSSA008503","0"
"Tepexi de Rodríguez","Puebla","IMSS-BIENESTAR","PLIMO002272","0"
"Piedras Negras","Coahuila de Zaragoza","ISSSTE","CLIST000094","0"
"Hospital Comunitario Villa de Arista","San Luis Potosí","SSA","SPSSA002654","0"
"Enfermería Militar La Boticaria Ver.","Veracruz de Ignacio de La Llave","SEDENA","VZSDN000010","0"
"Matamoros","Coahuila de Zaragoza","IMSS-BIENESTAR","CLIMO000281","0"
"Hospital Militar de Zona de El Vergel Iztapalapa","Ciudad de México","SEDENA","DFSDN000016","0"
"Centinela Unidad Deportiva Temazunchale","San Luis Potosí","SSA","SPSSA003552","0"
"San Buenaventura","Coahuila de Zaragoza","IMSS-BIENESTAR","CLIMO000561","0"
"Monclova","Coahuila de Zaragoza","ISSSTE","CLIST000065","0"
"Hospital General Monclova Amparo Pape de Benavides","Coahuila de Zaragoza","SSA","CLSSA002710","0"
"Hospital Militar Regional de Tampico Tamps.","Tamaulipas","SEDENA","TSSDN000014","0"
"Enfermería Militar de San Miguel de Los Jagueyes Mex.","México","SEDENA","MCSDN000035","0"
"Zongolica","Veracruz de Ignacio de La Llave","IMSS-BIENESTAR","VZIMO005004","0"
"Hospital Integral Xpujil","Campeche","SSA","CCSSA001116","0"
"Hospital Integral Badiraguato","Sinaloa","SSA","SLSSA000246","0"
"Mamantel","Campeche","IMSS-BIENESTAR","CCIMO000512","0"
"Came Orizaba","Veracruz de Ignacio de La Llave","SSA","VZSSA008302","0"
"Hospital de Sabancuy","Campeche","SSA","CCSSA001734","0"
"Cd. del Carmen","Campeche","ISSSTE","CCIST000033","0"
"Hospital de Palizada","Campeche","SSA","CCSSA001710","0"
"Hospital de Especialidad Materno Infantil de León","Guanajuato","SSA","GTSSA002096","0"
"Hospital de Especialidades  Pediatrico León","Guanajuato","SSA","GTSSA017525","0"
"Hospital Integral de Sinaloa de Leyva","Sinaloa","SSA","SLSSA002136","0"
"Guadalupe Tepeyac","Chiapas","IMSS-BIENESTAR","CSIMO002270","0"
"Hospital de La Mujer Comitán","Chiapas","SSA","CSSSA018776","0"
"Hospital General María Ignacia Gandulfo Comitan","Chiapas","SSA","CSSSA001030","0"
"Hospital General de Reforma","Chiapas","SSA","CSSSA009186","0"
"19 Pichucalco","Chiapas","SSA","CSSSA009466","0"
"Hospital General Tecomán Dr. José F. Rivas Guzmán","Colima","SSA","CMSSA001023","0"
"Zacapu","Michoacán de Ocampo","ISSSTE","MNIST000214","0"
"Hospital Integral Valle de San Lorenzo","Sinaloa","SSA","SLSSA017582","0"
"Hgsmf 2 Cozumel","Quintana Roo","IMSS","QRIMS000014","0"
"Hospital General de Cozumel","Quintana Roo","SSA","QRSSA000011","0"
"Hospital Integral de Isla Mujeres","Quintana Roo","SSA","QRSSA001826","0"
"Nocupetaro","Michoacán de Ocampo","SSA","MNSSA016516","0"
"Constitucion","Nuevo León","ISSSTE","NLIST000093","0"
"Christus Muguerza Hospiales S.a. de C.v. / Sucursal Conchita","Nuevo León","SMP","NLSMP000064","0"
"Hospital Integral Kantunilkin","Quintana Roo","SSA","QRSSA001423","0"
"Hospital General Cd. Obregón","Sonora","SSA","SRSSA000562","0"
"Hospital General Dr. Salvador Zubirán Anchondo","Chihuahua","SSA","CHSSA000664","0"
"Hospital General de Valladolid","Yucatán","SSA","YNSSA013440","0"
"Clínica Hospital Isssteson Guaymas","Sonora","SME","SRSME000035","0"
"Hospital General San Carlos","Yucatán","SSA","YNSSA001224","0"
"Ocosingo","Chiapas","IMSS-BIENESTAR","CSIMO002784","0"
"Ocosingo","Chiapas","ISSSTE","CSIST000140","0"
"Altamirano","Chiapas","IMSS-BIENESTAR","CSIMO000170","0"
"Hospital Rural Oportunidades 33 Tuxpan","Michoacán de Ocampo","IMSS-BIENESTAR","MNIMO002764","0"
"Hospital Comunitario San Diego de La Union","Guanajuato","SSA","GTSSA017501","0"
"Cessa San Francisco Totimehuacán","Puebla","SSA","PLSSA009223","0"
"Cessa Romero Vargas","Puebla","SSA","PLSSA009214","0"
"Cessa La Libertad","Puebla","SSA","PLSSA017134","0"
"Cessa Xonacatepec","Puebla","SSA","PLSSA006043","0"
"Centro de Salud Con Servicios Ampliados de San Felipe Hueyotlipan","Puebla","SSA","PLSSA009241","0"
"Hospital Militar Regional de La Paz B. C. S.","Baja California Sur","SEDENA","BSSDN000015","0"
"Chignahuapan","Puebla","IMSS-BIENESTAR","PLIMO000691","0"
"Hospital Comunitario Mascota","Jalisco","SSA","JCSSA003583","0"
"Cessa Tlaxcalancingo","Puebla","SSA","PLSSA006060","0"
"San Pedro de Las Colonias","Coahuila de Zaragoza","ISSSTE","CLIST000111","0"
"Hc Santa Catarina Juquila","Oaxaca","SSA","OCSSA004152","0"
"Hg Pochutla","Oaxaca","SSA","OCSSA003715","0"
"Hospital Privado San José de Ciudad Obegon S.a. de C.v.","Sonora","SMP","SRSMP000145","0"
"Hgzmf 32 Minatitlan","Veracruz de Ignacio de La Llave","IMSS","VZIMS000680","0"
"Hgzmf 28 Costa Rica","Sinaloa","IMSS","SLIMS000184","0"
"Hospital Integral Atlapexco","Hidalgo","SSA","HGSSA000511","0"
"Centro Estatal de Cuidados Críticos Salamanca","Guanajuato","SSA","GTSSA017315","0"
"Huejutla de Reyes","Hidalgo","IMSS-BIENESTAR","HGIMO000643","0"
"Hospital General de La Huasteca","Hidalgo","SSA","HGSSA015520","0"
"Hospital Integral de Calkiní","Campeche","SSA","CCSSA017403","0"
"10/o. Batallon de Infanteria","Campeche","SEDENA","CCSDN000046","0"
"Bochil","Chiapas","IMSS-BIENESTAR","CSIMO000433","0"
"Hospital General de Especialidades Dr. Javier Buenfil Osorio","Campeche","SSA","CCSSA017670","0"
"Hospital Comunitario de Champotón Dr.josé E. Nazar Raiden","Campeche","SSA","CCSSA000544","0"
"Hecelchakán","Campeche","IMSS-BIENESTAR","CCIMO000232","0"
"Hospital  Comunitario de  Hopelchen","Campeche","SSA","CCSSA001594","0"
"Hospital Comunitario Cihuatlan","Jalisco","SSA","JCSSA001261","0"
"Benemérito de Las Américas","Chiapas","IMSS-BIENESTAR","CSIMO002924","0"
"Hospital General Yajalón Dr. Jose Manuel Velasco Siles","Chiapas","SSA","CSSSA009232","0"
"19 Palenque","Chiapas","SSA","CSSSA019510","0"
"Hospital General Palenque","Chiapas","SSA","CSSSA004595","0"
"Hospital General Dr. Juan C. Corzo Tonalá","Chiapas","SSA","CSSSA007074","0"
"Hospital Materno Infantil Irapuato","Guanajuato","SSA","GTSSA017542","0"
"Hospital General Juárez Arriaga","Chiapas","SSA","CSSSA000453","0"
"Hc Santos Reyes Nopala","Oaxaca","SSA","OCSSA020445","0"
"Hospital General Zacatecas Luz González Cosio","Zacatecas","SSA","ZSSSA013143","0"
"Hospital General Huixtla","Chiapas","SSA","CSSSA002611","0"
"Mapastepec","Chiapas","IMSS-BIENESTAR","CSIMO002125","0"
"Dr. Roberto Nettel F.","Chiapas","ISSSTE","CSIST000210","0"
"19 Tapachula","Chiapas","SME","CSSME000100","0"
"Santiago Jamiltepec","Oaxaca","IMSS-BIENESTAR","OCIMO003992","0"
"Hgs 13 Cd. Acuña","Coahuila de Zaragoza","IMSS","CLIMS000012","0"
"Hospital Militar de Zona de Guadalupe Zac.","Zacatecas","SEDENA","ZSSDN000016","0"
"H.g. Ma. Socorro Quiroga Aguilar","Campeche","SSA","CCSSA000363","-3"
"Hospital Comunitario de Tulum","Quintana Roo","SSA","QRSSA001860","-11"
"Hospital General Cd. Valles","San Luis Potosí","SSA","SPSSA000356","-15"
"Hospital General Dr. Norberto Treviño Zapata","Tamaulipas","SSA","TSSSA002810","-16"
"Hg Maravatio","Michoacán de Ocampo","SSA","MNSSA016475","-83"