version https://git-lfs.github.com/spec/v1
oid sha256:5f908cd44ab32f60e1338db7a8fac140e8a8b237e7a7dcd4cbe8d0017ec8bd3c
size 46382
