version https://git-lfs.github.com/spec/v1
oid sha256:52190855375fa5cadd68f9ddb2098c670b5cd26b4e6d19afc1b69d2675318114
size 45463
