"Unidad médica","Estado","Institución","CLUES","% de Ocupación"
"Hgz 36 José Cardel","Veracruz de Ignacio de La Llave","IMSS","VZIMS000144","100"
"Instituto Nacional de Neurología Y Neurocirugía Manuel Velasco Suárez","Ciudad de México","SSA/CC","DFSSA004060","100"
"Dr. Patricio Trueba Regil","Campeche","ISSSTE","CCIST000021","100"
"Hg Tuxtepec","Oaxaca","SSA","OCSSA002146","100"
"Xalapa","Veracruz de Ignacio de La Llave","ISSSTE","VZIST000120","100"
"Hospital General de Axochiapan","Morelos","SSA","MSSSA003020","100"
"Hospital Regional  Yahualica","Jalisco","SSA","JCSSA006890","100"
"Hgzmf 50 Lerdo Tejada","Veracruz de Ignacio de La Llave","IMSS","VZIMS000634","100"
"Gral. Jose Maria Morelos Y Pavon","Ciudad de México","ISSSTE","DFIST000155","100"
"Centenario de La Revolucion Mexicana","Morelos","ISSSTE","MSIST000293","100"
"Hospital General de  Boca del Rio","Veracruz de Ignacio de La Llave","SSA","VZSSA010212","100"
"19 (extensión Hospital Huehuetla)","Hidalgo","SSA","HGSSA005044","100"
"Celaya","Guanajuato","ISSSTE","GTIST000045","100"
"Manzanillo","Colima","ISSSTE","CMIST000022","100"
"San Cristobal de Las Casas","Chiapas","ISSSTE","CSIST000193","100"
"La Paz","Baja California Sur","ISSSTE","BSIST000330","100"
"Hospital Rural de Oportunidades No. 34","Oaxaca","IMSS-BIENESTAR","OCIMO003304","100"
"Hospital General Navojoa","Sonora","SSA","SRSSA001670","100"
"Hgr 45 Guadalajara","Jalisco","IMSS","JCIMS000366","100"
"Hospital Comunitario El Grullo","Jalisco","SSA","JCSSA002113","100"
"Hgsmf 4 Tecoman","Colima","IMSS","CMIMS000104","100"
"Hg Hospital General Altamira Dr Rodolfo Torre Cantú","Tamaulipas","SSA","TSSSA018514","100"
"Hospital Regional Universitario","Colima","SSA","CMSSA000125","100"
"San Luis Potosi","San Luis Potosí","ISSSTE","SPIST000113","100"
"Hospital Real San José S.c","Jalisco","SMP","JCSMP000313","100"
"Hospital General 450","Durango","SSA","DGSSA017872","100"
"Hospital Para El Niño Imiem","México","SME","MCSME000011","100"
"Ixmiquilpan","Hidalgo","ISSSTE","HGIST000065","100"
"Tehuacan","Puebla","ISSSTE","PLIST000154","100"
"Hospital General Salina Cruz","Oaxaca","PEMEX","OCPMX000010","100"
"Huejutla de Reyes","Hidalgo","ISSSTE","HGIST000041","100"
"Hospital Integral de Tlanchinol","Hidalgo","SSA","HGSSA015503","100"
"Hgz 4 Guaymas","Sonora","IMSS","SRIMS000314","100"
"Hospital Militar Regional de San Luis Potosí Slp.","San Luis Potosí","SEDENA","SPSDN000015","100"
"Tampico","Tamaulipas","ISSSTE","TSIST000182","100"
"Hgz 2 Cardenas","Tabasco","IMSS","TCIMS000022","100"
"Hgz 3 Tuxtepec","Oaxaca","IMSS","OCIMS000182","100"
"Hg Oaxaca Dr. Aurelio Valdivieso","Oaxaca","SSA","OCSSA000985","100"
"Hgz 57 La Quebrada","México","IMSS","MCIMS000874","100"
"Hgzmf 8 Zihuatanejo","Guerrero","IMSS","GRIMS000124","100"
"19","Guanajuato","SSA","GTSSA002101","100"
"Hospital Comunitario de San Juan de Los Lagos","Jalisco","SSA","JCSSA013045","100"
"Hospital Comunitario Atotonilco El Alto Madre María Luisita de La Peña Navarro","Jalisco","SSA","JCSSA013762","100"
"Hospital General de Apan","Hidalgo","SSA","HGSSA015515","100"
"Clínica Hospital Mérida","Yucatán","ISSSTE","YNIST000170","100"
"Metepec","Hidalgo","IMSS-BIENESTAR","HGIMO000952","100"
"Hospital Regional Atlacomulco Issemym","México","SME","MCSME000781","100"
"Hospital General Dr. Desiderio G. Rosado Carbajal","Tabasco","SSA","TCSSA017420","100"
"Hgsmf 33 S. Andres","Veracruz de Ignacio de La Llave","IMSS","VZIMS000890","100"
"Hospital General Ajusco Medio","Ciudad de México","SSA","DFSSA018166","100"
"Hospital General Tecomán Dr. José F. Rivas Guzmán","Colima","SSA","CMSSA001023","100"
"Hospital Regional de Alta Especialidad Dr. Gustavo A. Rovirosa Pérez","Tabasco","SSA","TCSSA001052","100"
"Hgz 4 Zamora","Michoacán de Ocampo","IMSS","MNIMS000506","100"
"Hospital Militar Regional de Mazatlán Sin.","Sinaloa","SEDENA","SLSDN000016","100"
"Hospital General del Valle del Mezquital Ixmiquilpan","Hidalgo","SSA","HGSSA001590","100"
"Hgzmf 28 Martinez Torre","Veracruz de Ignacio de La Llave","IMSS","VZIMS000651","100"
"Hospital General Santiago Ixcuintla","Nayarit","SSA","NTSSA002166","100"
"Centro de Alta Especialidad  Dr. Rafael Lucio","Veracruz de Ignacio de La Llave","SSA","VZSSA002965","100"
"Doctors Hospital","Nuevo León","SMP","NLSMP001085","100"
"Hospital General de La Zona Norte  Bicentenario de La Independencia","Puebla","SSA","PLSSA015230","100"
"Hgz 6 Cd. Valles","San Luis Potosí","IMSS","SPIMS000072","95"
"Hospital General de Soledad de Graciano Sánchez","San Luis Potosí","SSA","SPSSA017313","94"
"Hgz 4 Villa Guadalupe","Nuevo León","IMSS","NLIMS000204","93"
"Presidente Benito Juarez","Oaxaca","ISSSTE","OCIST000112","92"
"Hospital General Villa","Ciudad de México","SSA","DFSSA000881","92"
"Hgrmf 1 Cuernavaca","Morelos","IMSS","MSIMS000054","91"
"Hospital General de Manzanillo","Colima","SSA","CMSSA001356","91"
"Hospital Civil de Guadalajara Fray Antonio Alcalde","Jalisco","SSA","JCSSA002195","90"
"Hospital Metropolitano","Nuevo León","SSA","NLSSA004046","90"
"Hgz 6 Cd.juárez","Chihuahua","IMSS","CHIMS000293","90"
"Dr. Santiago Ramon Y Cajal","Durango","ISSSTE","DGIST000042","89"
"Hospital Regional de Puerto Vallarta","Jalisco","SSA","JCSSA004230","89"
"Hgz 83 Morelia","Michoacán de Ocampo","IMSS","MNIMS000593","89"
"22/o. Batallón de   Infantería","Ciudad de México","SEDENA","DFSDN000103","89"
"Hgr 196 Fidel Velazquez","México","IMSS","MCIMS000244","88"
"Hospital de Alta Especialidad de Veracruz","Veracruz de Ignacio de La Llave","SSA","VZSSA006972","88"
"Hgz 24 Poza Rica","Veracruz de Ignacio de La Llave","IMSS","VZIMS000832","88"
"H.g. Dr. Gustavo Baz Prada","México","SSA","MCSSA004231","88"
"Hospital Y Clínica Oca","Nuevo León","SMP","NLSMP000122","88"
"19 (extensión Hospital Pachuca)","Hidalgo","SSA","HGSSA005020","87"
"Hgr1 C.obregon","Sonora","IMSS","SRIMS000145","86"
"Hgz 21 Tepatitlan","Jalisco","IMSS","JCIMS000914","86"
"Hospital General La Perla Nezahualcoyotl","México","SSA","MCSSA010292","86"
"Hospital General Tula","Hidalgo","SSA","HGSSA015532","86"
"Hgz 3 Mante","Tamaulipas","IMSS","TSIMS000182","86"
"Hospital General de Zona No.252","México","IMSS","MCIMS001200","86"
"Hgr Orizaba","Veracruz de Ignacio de La Llave","IMSS","VZIMS000733","84"
"Hospital General Regional No. 2 El Marques","Querétaro","IMSS","QTIMS000285","84"
"Hgzmf 5 Tula de Hidalgo","Hidalgo","IMSS","HGIMS000164","83"
"Hospital General Veracruz","Veracruz de Ignacio de La Llave","PEMEX","VZPMX000071","83"
"Hgz No. 20","Puebla","IMSS","PLIMS000586","83"
"Lic. Adolfo Lopez Mateos","Ciudad de México","ISSSTE","DFIST000201","83"
"Hospital de Especialidades de La Ciudad de Mexico Dr. Belisario Domínguez","Ciudad de México","SSA","DFSSA004265","82"
"Hgz 30 Mexicali","Baja California","IMSS","BCIMS000122","82"
"Bicentenario de La Independencia","México","ISSSTE","MCIST000425","82"
"Hgz 1 Oaxaca","Oaxaca","IMSS","OCIMS000136","82"
"Hgz 14 Guadalajara","Jalisco","IMSS","JCIMS000330","82"
"Centro Estatal de Cuidados Críticos Salamanca","Guanajuato","SSA","GTSSA017315","82"
"Hgr 110 Oblatos","Jalisco","IMSS","JCIMS000354","81"
"H.g. Chimalhuacán","México","SSA","MCSSA002020","81"
"Hospital General de Huejotzingo","Puebla","SSA","PLSSA009001","80"
"Hospital General de Huamantla","Tlaxcala","SSA","TLSSA017983","80"
"Hospital Regional de Magdalena","Jalisco","SSA","JCSSA003496","80"
"Centro Médico Naval","Ciudad de México","SEMAR","DFSMA000010","80"
"Hes 71 Torreon","Coahuila de Zaragoza","IMSS","CLIMS000490","80"
"Centro Médico del Noroeste S.a.de C.v.","Sonora","SMP","SRSMP000401","80"
"Hospital General del Estado Dr. Ernesto Ramos Bours","Sonora","SSA","SRSSA001110","79"
"Hg de Cuernavaca Dr. Jose G. Parres","Morelos","SSA","MSSSA000466","79"
"Hr_issste","Puebla","ISSSTE","PLIST000101","78"
"Hospital General de Nativitas","Tlaxcala","SSA","TLSSA017925","78"
"Cat Morelos","Ciudad de México","IMSS","DFIMS001082","77"
"Centenario Hospital Miguel Hidalgo","Aguascalientes","SSA","ASSSA001331","76"
"Hospital Regional de Autlan","Jalisco","SSA","JCSSA000631","75"
"Hospital Materno Perinatal Mónica Pretelini Sáenz","México","SSA","MCSSA007673","75"
"Hospital de Tlapa","Guerrero","SSA","GRSSA008101","75"
"Hgzmf 26 Tala","Jalisco","IMSS","JCIMS000803","75"
"H.g. Jilotepec","México","SSA","MCSSA010053","75"
"Hgz 42 Pto. Vallarta","Jalisco","IMSS","JCIMS000692","75"
"Hospital General de San Pablo del Monte","Tlaxcala","SSA","TLSSA001883","75"
"Hospital Regional  Poza Rica de Hidalgo","Veracruz de Ignacio de La Llave","SSA","VZSSA004744","75"
"Hospital Regional Poza Rica","Veracruz de Ignacio de La Llave","PEMEX","VZPMX000066","75"
"Chilpancingo de Los Bravo","Guerrero","ISSSTE","GRIST000112","75"
"19 (extensión Hospital Huejutla)","Hidalgo","SSA","HGSSA005032","75"
"Hgzmf 2 Salina Cruz","Oaxaca","IMSS","OCIMS000170","75"
"Hospital Universitario Dr. José Eleuterio González","Nuevo León","HUN","NLHUN000014","73"
"Hospital General Agustín O´horán","Yucatán","SSA","YNSSA000565","72"
"Hospital General Dr. Manuel Gea González","Ciudad de México","SSA/CC","DFSSA003961","72"
"Hgr 46 Guadalaja","Jalisco","IMSS","JCIMS000371","71"
"Dr. Belisario Dominguez","Chiapas","ISSSTE","CSIST000251","71"
"Unidad de Detección Y Diagnostico Saltillo","Coahuila de Zaragoza","IMSS","CLIMS000596","71"
"Comitan de Dominguez","Chiapas","ISSSTE","CSIST000065","71"
"Unidad  Materno Infantil","Puebla","SME","PLSME000353","71"
"Hospital General de Cholula","Puebla","SSA","PLSSA008425","70"
"Hospital Regional de Alta Especialidad Dr. Juan Graham Casasus","Tabasco","SSA","TCSSA001064","70"
"Acapulco","Guerrero","ISSSTE","GRIST000025","70"
"Hospital General de México","Ciudad de México","SSA/CC","DFSSA003973","69"
"Hgz 46 Dr. B Reynés B","Tabasco","IMSS","TCIMS000121","69"
"Umf 34 La Paz","Baja California Sur","IMSS","BSIMS000125","69"
"Hospital General de Occidente","Jalisco","SSA","JCSSA007066","68"
"Hgzmf 36 Coatzacoalcos","Veracruz de Ignacio de La Llave","IMSS","VZIMS000231","68"
"Hospital General de Minatitlan","Veracruz de Ignacio de La Llave","SSA","VZSSA003595","67"
"Primero de Octubre","Ciudad de México","ISSSTE","DFIST000090","67"
"Unidad de Atencion Medica Temporal Covid La Pastora","Ciudad de México","SSA","DFSSA005064","67"
"Hgz 194 El Molinito","México","IMSS","MCIMS000326","67"
"Hospital General de Camargo","Chihuahua","SSA","CHSSA000372","67"
"Hgz 3 Navojoa","Sonora","IMSS","SRIMS000541","67"
"Dr. Jorge Soberon Acevedo","Guerrero","SSA","GRSSA004490","67"
"Hgz 23 Teziutlan","Puebla","IMSS","PLIMS000446","67"
"Hgz 89 Guadalajara","Jalisco","IMSS","JCIMS000342","67"
"Hospital General de Zona No. 1","Colima","IMSS","CMIMS000186","67"
"Hg Infantil Eva Samano de López Mateos","Michoacán de Ocampo","SSA","MNSSA001874","67"
"Hospital General de Tampico Dr. Carlos Canseco","Tamaulipas","SSA","TSSSA005151","65"
"Morelia","Michoacán de Ocampo","ISSSTE","MNIST000120","64"
"81/o. Batallón de Infanteria","Ciudad de México","SEDENA","DFSDN000115","64"
"Hgz 14 C/unidad Quemados","Sonora","IMSS","SRIMS000900","64"
"Hgz 2 Tuxtla Gutiérrez","Chiapas","IMSS","CSIMS000251","64"
"Dr. Dario Fernandez Fierro","Ciudad de México","ISSSTE","DFIST000324","64"
"Hospital General Cadereyta","Nuevo León","PEMEX","NLPMX000015","63"
"Hospital General Cd. Valles","San Luis Potosí","SSA","SPSSA000356","63"
"Hospital General Pachuca","Hidalgo","SSA","HGSSA002430","62"
"Hospital General Dr. Pedro Daniel Martínez","Michoacán de Ocampo","SSA","MNSSA003735","61"
"Hgz 71 Verac","Veracruz de Ignacio de La Llave","IMSS","VZIMS001124","61"
"Hospital En Comodato Santa Cecilia","Nuevo León","IMSS","NLIMS000781","61"
"Hgs 33 Tizayuca","Hidalgo","IMSS","HGIMS000135","61"
"Hes 25 Monterrey","Nuevo León","IMSS","NLIMS000303","61"
"Tlaxcala","Tlaxcala","ISSSTE","TLIST000042","60"
"Dr. Miguel Trejo Ochoa","Colima","ISSSTE","CMIST000010","60"
"Hospital Regional Río Blanco","Veracruz de Ignacio de La Llave","SSA","VZSSA004860","60"
"Dr. Fernando Quiroz Gutierrez","Ciudad de México","ISSSTE","DFIST000196","60"
"Hgr 1 Ignacio García Tellez","Yucatán","IMSS","YNIMS000083","60"
"Hgz 197 Texcoco","México","IMSS","MCIMS000961","60"
"Hospital Regional Minatitlán","Veracruz de Ignacio de La Llave","PEMEX","VZPMX000054","60"
"Cd. Cancun","Quintana Roo","ISSSTE","QRIST000055","60"
"Hospital Comunitario Apaseo El Alto","Guanajuato","SSA","GTSSA017402","60"
"Servicios Integrales Nova de Monterrey S.a. de C.v.","Nuevo León","SMP","NLSMP000110","59"
"Veracruz","Veracruz de Ignacio de La Llave","ISSSTE","VZIST000301","59"
"Hospital General Regional No. 200","México","IMSS","MCIMS001171","59"
"Hospital General Tláhuac","Ciudad de México","SSA","DFSSA018154","59"
"Monterrey","Nuevo León","ISSSTE","NLIST000105","58"
"Swiss Hospital S.a.p.i. de C.v.","Nuevo León","SMP","NLSMP001355","58"
"Centro Médico Issemym Lic. Arturo Montiel Rojas Issemym","México","SME","MCSME000921","58"
"Hgz 8 Uruapan","Michoacán de Ocampo","IMSS","MNIMS000424","57"
"Hgzmf 12 Lazaro Cardenas","Michoacán de Ocampo","IMSS","MNIMS000161","57"
"Hgzmf 32 Guasave","Sinaloa","IMSS","SLIMS000271","56"
"Hospital General de Gómez Palacio","Durango","SSA","DGSSA000676","56"
"Hospital General Ixtlahuaca Valentin Gómez Farías","México","SSA","MCSSA002872","56"
"Hospital General Dr. Enrique Cabrera","Ciudad de México","SSA","DFSSA017886","54"
"Hospital General de Zona No. 5","Sonora","IMSS","SRIMS000920","53"
"Hospital General Los Mochis","Sinaloa","SSA","SLSSA000024","53"
"19 En Valladolid","Yucatán","SSA","YNSSA001871","52"
"Hospital General Regional No. 58","Guanajuato","IMSS","GTIMS000564","52"
"Hgzmf 1 Cd. Víctoria","Tamaulipas","IMSS","TSIMS000380","50"
"Hgz 27 Tlatelolco","Ciudad de México","IMSS","DFIMS000621","50"
"Hgz 11 Jalapa","Veracruz de Ignacio de La Llave","IMSS","VZIMS000564","50"
"Hospital Regional Reynosa","Tamaulipas","PEMEX","TSPMX000022","50"
"Hgzmf 8 Cd. Sahagun","Hidalgo","IMSS","HGIMS000111","50"
"San Quintín","Baja California","IMSS-BIENESTAR","BCIMO000070","50"
"Guanajuato","Guanajuato","ISSSTE","GTIST000074","50"
"Hgz 11 Nuevo Laredo","Tamaulipas","IMSS","TSIMS000276","50"
"Hgzmf 9 Cd. Guzman","Jalisco","IMSS","JCIMS000190","50"
"Aguascalientes","Aguascalientes","ISSSTE","ASIST000016","50"
"Hgzmf 1 Chetumal","Quintana Roo","IMSS","QRIMS000031","50"
"Hgz 15 Tehuacan","Puebla","IMSS","PLIMS000405","50"
"Gral. Ignacio Zaragoza","Ciudad de México","ISSSTE","DFIST000160","50"
"Hes Puebla","Puebla","IMSS","PLIMS000200","50"
"Hospital General de Lagos de Moreno","Jalisco","SSA","JCSSA008430","50"
"Hospital Central del Estado","Chihuahua","SSA","CHSSA000676","50"
"Hospital General Ixtapan de La Sal","México","SSA","MCSSA010251","50"
"Cd. Obregon","Sonora","ISSSTE","SRIST000046","50"
"Hgr 6 Cd. Madero","Tamaulipas","IMSS","TSIMS000071","50"
"Hospital Para El Niño Poblano","Puebla","SSA","PLSSA008881","50"
"Ario de Rosales","Michoacán de Ocampo","IMSS-BIENESTAR","MNIMO000244","50"
"19 (extensión Hospital Actopan)","Hidalgo","SSA","HGSSA005056","50"
"Hospital Dr. Manuel Campos","Campeche","SSA","CCSSA000100","50"
"Hospital General Piedras Negras  Dr Salvador Chavarria Sanchez.","Coahuila de Zaragoza","SSA","CLSSA002763","50"
"20 de Noviembre","Ciudad de México","ISSSTE","DFIST000312","50"
"Hospital Militar Regional de Tampico Tamps.","Tamaulipas","SEDENA","TSSDN000014","50"
"Hospital Civil Dr. Antonio González Guevara","Nayarit","SSA","NTSSA001594","50"
"Hospital General Milpa Alta","Ciudad de México","SSA","DFSSA002066","50"
"Cerritos","San Luis Potosí","IMSS-BIENESTAR","SPIMO000283","50"
"Patzcuaro","Michoacán de Ocampo","ISSSTE","MNIST000144","50"
"Hospital General de Parral","Chihuahua","SSA","CHSSA018444","50"
"Hgz 1a Venados","Ciudad de México","IMSS","DFIMS000522","49"
"H.g. Dr. Nicolás San Juan","México","SSA","MCSSA007661","48"
"Hgz 17 Monterrey","Nuevo León","IMSS","NLIMS000356","47"
"Hgr 1 V. Guerrero","Guerrero","IMSS","GRIMS000013","47"
"Hgr 12 Benito Juárez","Yucatán","IMSS","YNIMS000095","47"
"Hgzmf 2 Saltillo","Coahuila de Zaragoza","IMSS","CLIMS000333","47"
"Uneme de Urgencias Zacatecas","Zacatecas","SSA","ZSSSA013172","47"
"Hgzmf 76 Xalostoc","México","IMSS","MCIMS000232","47"
"Hospital Tlahuac","Ciudad de México","ISSSTE","DFIST001053","46"
"Hgz 1 Aguascalientes","Aguascalientes","IMSS","ASIMS000021","46"
"Hgzmf 1 Campeche","Campeche","IMSS","CCIMS000016","46"
"Hgz 71 Chalco","México","IMSS","MCIMS000145","46"
"Hgz 24 Insurgentes","Ciudad de México","IMSS","DFIMS000225","45"
"Hospital Regional de Alta Especialidad de Zumpango","México","SSA","MCSSA018774","45"
"Hospital General de Zona No 33","Nayarit","IMSS","NTIMS000342","45"
"Hgz 11 Piedras Negras","Coahuila de Zaragoza","IMSS","CLIMS000251","44"
"Hospital General Dr. Raymundo Abarca Alarcón","Guerrero","SSA","GRSSA009950","44"
"Hinfec Cm La Raza","Ciudad de México","IMSS","DFIMS000056","44"
"Hospitaria","Nuevo León","SMP","NLSMP001271","44"
"Hgr 1 Charo","Michoacán de Ocampo","IMSS","MNIMS000605","43"
"Dr. Aquiles Calles Ramirez","Nayarit","ISSSTE","NTIST000120","43"
"Hospital General Guasave","Sinaloa","SSA","SLSSA001255","42"
"Hospital Central Militar","Ciudad de México","SEDENA","DFSDN000086","42"
"Hgzmf 8 San Angel","Ciudad de México","IMSS","DFIMS000464","42"
"Hospital General Las Américas","México","SSA","MCSSA010280","42"
"Hg  Juárez","Chihuahua","SSA","CHSSA001801","42"
"Fundacion Santos Y de La Garza Evia Ibp","Nuevo León","SMP","NLSMP000023","42"
"Hgz 32 Villa Coapa","Ciudad de México","IMSS","DFIMS000126","41"
"Hgz 49 Los Mochis","Sinaloa","IMSS","SLIMS000020","41"
"Hospital General de Acapulco","Guerrero","SSA","GRSSA009945","41"
"Hospital Dr. Julian A. Manzur Ocaña","Tabasco","SME","TCSME000011","41"
"Hgz 58 Las Margaritas","México","IMSS","MCIMS000734","40"
"Hospital General de Chetumal","Quintana Roo","SSA","QRSSA000373","40"
"Hospital Comunitario Jaral del Progreso","Guanajuato","SSA","GTSSA017426","40"
"Hospital Regional de Ameca","Jalisco","SSA","JCSSA000165","40"
"Centro Médico Lic. Adolfo López Mateos","México","SSA","MCSSA010222","40"
"Hgzmf 7 Cuautla","Morelos","IMSS","MSIMS000030","40"
"Hospital General de Ciudad Constitución","Baja California Sur","SSA","BSSSA001510","40"
"Hospital Regional de Alta Especialidad del Niño Dr. Rodolfo Nieto Padrón","Tabasco","SSA","TCSSA001040","40"
"Hospital General Jalpan","Querétaro","SSA","QTSSA001052","40"
"Hospital Civil de Guadalajara Juan I. Menchaca","Jalisco","SSA","JCSSA002224","40"
"Hospital General Tuxpan Dr. Emilio Alcazar","Veracruz de Ignacio de La Llave","SSA","VZSSA006815","40"
"Hgzmf 20 Autlan Navarro","Jalisco","IMSS","JCIMS000103","40"
"Hospital General de Tulancingo","Hidalgo","SSA","HGSSA018000","40"
"Hospital Regional Villahermosa","Tabasco","PEMEX","TCPMX000014","39"
"Hgz 18 Playa del Carmen","Quintana Roo","IMSS","QRIMS000154","39"
"Hgzmf 18 Torreon","Coahuila de Zaragoza","IMSS","CLIMS000444","38"
"Hgr 180 Tlajomulco","Jalisco","IMSS","JCIMS001392","38"
"Hgz 67 Apodaca","Nuevo León","IMSS","NLIMS000636","38"
"Hgz 13 Matamoros","Tamaulipas","IMSS","TSIMS000211","38"
"Hospital General San José Iturbide","Guanajuato","SSA","GTSSA016912","38"
"Hgz 98 Coacalco","México","IMSS","MCIMS000080","38"
"Hes 14 Cmn Verac","Veracruz de Ignacio de La Llave","IMSS","VZIMS001112","38"
"Hgz 53 Los Reyes Paz","México","IMSS","MCIMS000676","38"
"H.g. Dr. Maximiliano Ruíz Castañeda","México","SSA","MCSSA004074","36"
"Hospital Lic. Adolfo López Mateos (cd. Obregón)","Sonora","SME","SRSME000023","36"
"Hg Hospital General de Matamoros Dr. Alfredo Pumarejo","Tamaulipas","SSA","TSSSA001031","36"
"Hgz 7 Lagos de Moreno","Jalisco","IMSS","JCIMS001264","36"
"Hgz 2 Fresnillo","Zacatecas","IMSS","ZSIMS000090","36"
"Hospital General de Zona No. 10","Colima","IMSS","CMIMS000133","35"
"Hgr 72 Gustavo Baz","México","IMSS","MCIMS000746","35"
"Hg Dr. Miguel Silva","Michoacán de Ocampo","SSA","MNSSA001891","35"
"Sanatorio Naval de Pto. Vallarta","Jalisco","SEMAR","JCSMA000011","33"
"H.g. Valle de Bravo","México","SSA","MCSSA007982","33"
"Hgzmf 23 Hidalgo Parral","Chihuahua","IMSS","CHIMS000276","33"
"Hgr 251 Metepec","México","IMSS","MCIMS001185","33"
"Hospital Regional de Delicias","Chihuahua","SSA","CHSSA001026","33"
"Zamora","Michoacán de Ocampo","ISSSTE","MNIST000226","33"
"Hgsmf 2 Cd.constitucion","Baja California Sur","IMSS","BSIMS000014","33"
"Hgz 46 Gomez Palacio","Durango","IMSS","DGIMS000083","33"
"Chetumal","Quintana Roo","ISSSTE","QRIST000043","33"
"Hospital General de Guamuchil","Sinaloa","SSA","SLSSA018113","33"
"Hospital Y Centro Médico San Jorge de Monterrey Sa de Cv","Nuevo León","SMP","NLSMP000810","33"
"Hospital Militar Regional de Chilpancingo Gro.","Guerrero","SEDENA","GRSDN000026","33"
"Instituto Nacional de Cardiología Ignacio Chávez","Ciudad de México","SSA/CC","DFSSA004031","33"
"Uruapan del Progreso","Michoacán de Ocampo","ISSSTE","MNIST000202","33"
"Dr. Roberto Nettel F.","Chiapas","ISSSTE","CSIST000210","33"
"Centro de Atencion Temporal Covid 19","Michoacán de Ocampo","IMSS","MNIMS000646","33"
"Hospital General Guanajuato ´´dr. Valentín Gracia´´","Guanajuato","SSA","GTSSA001454","33"
"Hgr 1 Tijuana","Baja California","IMSS","BCIMS000373","32"
"Valentin Gomez Farias","Jalisco","ISSSTE","JCIST000132","31"
"Hospital General Dr. Norberto Treviño Zapata","Tamaulipas","SSA","TSSSA002810","31"
"Hospital Regional de Coatzacoalcos Dr.valentin Gómez Farias","Veracruz de Ignacio de La Llave","SSA","VZSSA001150","31"
"Hgz 1 Tepic","Nayarit","IMSS","NTIMS000190","31"
"Dra. Columba Rivera Osorio","Hidalgo","ISSSTE","HGIST000106","31"
"H.g. Texcoco Guadalupe Victoria Bicentenario","México","SSA","MCSSA018412","31"
"Hospital General Culiacán","Sinaloa","SSA","SLSSA000666","31"
"Hospital General de Ríoverde","San Luis Potosí","SSA","SPSSA000945","30"
"Hg Maravatio","Michoacán de Ocampo","SSA","MNSSA016475","30"
"Hospital General Reynosa Dr. José María Cantú Garza","Tamaulipas","SSA","TSSSA001772","30"
"Hospital General de Teziutlán","Puebla","SSA","PLSSA008485","30"
"Hg Hospital General Nuevo Laredo","Tamaulipas","SSA","TSSSA001550","30"
"Hospital General Patzcuaro","Michoacán de Ocampo","SSA","MNSSA005280","29"
"Hes Oblatos","Jalisco","IMSS","JCIMS000301","29"
"Hospital General Salamanca","Guanajuato","SSA","GTSSA003233","29"
"Hospital General Queretaro","Querétaro","SSA","QTSSA001752","29"
"Hospital Pediátrico Villa","Ciudad de México","SSA","DFSSA000840","29"
"Hgzmf 1 Tapachula","Chiapas","IMSS","CSIMS000205","29"
"Merida","Yucatán","ISSSTE","YNIST000030","27"
"Hospital General de Zona 92","Coahuila de Zaragoza","IMSS","CLIMS000601","27"
"Hospital Regional de Alta Especialidad En Cd Victoria Bicentenario 2010","Tamaulipas","SSA/CC","TSSSA018292","27"
"Hgz 33 Felix U. Gomez","Nuevo León","IMSS","NLIMS000361","27"
"Hgzmf 3 Mazatlan","Sinaloa","IMSS","SLIMS000341","27"
"Tacuba","Ciudad de México","ISSSTE","DFIST000534","27"
"Hosp. Gral. Renacimiento","Guerrero","SSA","GRSSA000034","27"
"Hgr 1 Culiacán","Sinaloa","IMSS","SLIMS000131","27"
"Dr. Bernardo Sepulveda Gutiérrez","Guerrero","SSA","GRSSA004753","27"
"Hospital General Tijuana","Baja California","SSA","BCSSA000913","27"
"Hgzmf 6 S.nicolas Garza","Nuevo León","IMSS","NLIMS000525","26"
"Hgz 50 Tangamanga","San Luis Potosí","IMSS","SPIMS000376","26"
"Dr. Jose Ma. Rodriguez","Coahuila de Zaragoza","ISSSTE","CLIST000106","25"
"Hgzmf 11 Cd. Delicias","Chihuahua","IMSS","CHIMS000206","25"
"Hgzmf 2 San Luis Potosi","San Luis Potosí","IMSS","SPIMS000183","25"
"Dr. Manuel Cardenas de La Vega","Sinaloa","ISSSTE","SLIST000085","25"
"Coatzacoalcos","Veracruz de Ignacio de La Llave","ISSSTE","VZIST000062","25"
"Ixmiquilpan","Hidalgo","IMSS-BIENESTAR","HGIMO000771","25"
"Hospital Materno Infantil Issemym","México","SME","MCSME000916","25"
"Clínica A. I. R. Médica 2000 S.a. de C.v","Tabasco","SMP","TCSMP002315","25"
"Hgz 4 Celaya","Guanajuato","IMSS","GTIMS000062","25"
"Cd. Delicias","Chihuahua","ISSSTE","CHIST000042","25"
"Anexo Unidad de Medicina Familiar 86","Coahuila de Zaragoza","IMSS","CLIMS000613","25"
"Hospital Naval de Tampico","Tamaulipas","SEMAR","TSSMA000032","25"
"Hgzmf 1 Pachuca","Hidalgo","IMSS","HGIMS000082","24"
"Hospital General de Mexicali","Baja California","SSA","BCSSA000440","24"
"Hgr 220 Toluca","México","IMSS","MCIMS000816","23"
"Hospital General Guaymas","Sonora","SSA","SRSSA001011","23"
"Hgzmf 1 Durango","Durango","IMSS","DGIMS000042","23"
"Hospital General Ticomán","Ciudad de México","SSA","DFSSA000864","23"
"Centro de Atencion Temporal Lindavista","Ciudad de México","IMSS","DFIMS001070","22"
"Toluca","México","ISSSTE","MCIST000215","22"
"Hgr 17 Cancun","Quintana Roo","IMSS","QRIMS000142","22"
"H.g. Tenancingo","México","SSA","MCSSA006430","22"
"Hospital General de Montemorelos","Nuevo León","SSA","NLSSA004944","22"
"Hospital Civil de Culiacán","Sinaloa","SME","SLSME000016","21"
"Hospital General León","Guanajuato","SSA","GTSSA005683","21"
"Hgz No. 48 San Pedro Xalpa","Ciudad de México","IMSS","DFIMS000831","21"
"Hgzmf 1 La Paz","Baja California Sur","IMSS","BSIMS000113","21"
"Hospital Privado San José de Ciudad Obegon S.a. de C.v.","Sonora","SMP","SRSMP000145","20"
"Zacatecas","Zacatecas","ISSSTE","ZSIST000160","20"
"Hgz 1 Zacatecas","Zacatecas","IMSS","ZSIMS000353","20"
"Hgz 68 Tulpetlac","México","IMSS","MCIMS000990","20"
"Hospital General Miguel Hidalgo Y Costilla Bicentenario","México","SSA","MCSSA005730","20"
"Hgzmf 1 San Luis Potosi","San Luis Potosí","IMSS","SPIMS000171","20"
"Hg Zitacuaro","Michoacán de Ocampo","SSA","MNSSA004044","20"
"Hospital Comunitario de Tenosique","Tabasco","SSA","TCSSA004716","20"
"Dr. Daniel Gurria Urgell","Tabasco","ISSSTE","TCIST000063","20"
"Hospital General San Carlos","Yucatán","SSA","YNSSA001224","20"
"Leon","Guanajuato","ISSSTE","GTIST000091","20"
"Hospital General de Tekax","Yucatán","SSA","YNSSA013476","20"
"Hgr 270 Reynosa","Tamaulipas","IMSS","TSIMS000533","20"
"Hospital General Dolores Hidalgo ¨ Cuna de La Independencia Nacional¨","Guanajuato","SSA","GTSSA001290","20"
"Hospital General Cadereyta","Querétaro","SSA","QTSSA000475","20"
"Hospital General Celaya","Guanajuato","SSA","GTSSA000766","19"
"Hospital Regional de Alta Especialidad de La Mujer","Tabasco","SSA","TCSSA001076","19"
"Hgz 1 Tlaxcala","Tlaxcala","IMSS","TLIMS000136","19"
"Hospital General San Juan del Río","Querétaro","SSA","QTSSA012935","18"
"Hospital General Atlacomulco","México","SSA","MCSSA010123","18"
"Hospital General Xoco","Ciudad de México","SSA","DFSSA003162","17"
"Hospital General de Subzona No. 12","Sonora","IMSS","SRIMS000915","17"
"Hospital General Ometepec","Guerrero","SSA","GRSSA005762","17"
"Hgr 1 Chihuahua","Chihuahua","IMSS","CHIMS000136","17"
"Hospital General Tehuacan","Puebla","SSA","PLSSA003663","17"
"Los Mochis","Sinaloa","ISSSTE","SLIST000015","17"
"Hospital General de Zacatlán","Puebla","SSA","PLSSA015551","17"
"Hospital Pediátrico de Sinaloa","Sinaloa","SSA","SLSSA002556","17"
"H.g. Dr. José María Rodríguez","México","SSA","MCSSA002184","16"
"Hospital General de Ensenada","Baja California","SSA","BCSSA000015","15"
"Hgz 3 Cancun","Quintana Roo","IMSS","QRIMS000060","15"
"Hospital General Valle de Santiago","Guanajuato","SSA","GTSSA017385","15"
"Hospital General de Especialidades Dr. Javier Buenfil Osorio","Campeche","SSA","CCSSA017670","15"
"Hospital Naval de Acapulco","Guerrero","SEMAR","GRSMA000015","15"
"Hospital Regional de Alta Especialidad del Bajío","Guanajuato","SSA/CC","GTSSA016796","15"
"H.g. José Vicente Villada","México","SSA","MCSSA001636","15"
"Hospital General de Playa del Carmen","Quintana Roo","SSA","QRSSA018001","14"
"Hospital General Irapuato","Guanajuato","SSA","GTSSA001652","14"
"Hospital Comunitario Abasolo","Guanajuato","SSA","GTSSA017344","14"
"Hg La Piedad","Michoacán de Ocampo","SSA","MNSSA016533","14"
"Hgzmf 8 Ensenada","Baja California","IMSS","BCIMS000011","13"
"Hospital General Acambaro Miguel Hidalgo","Guanajuato","SSA","GTSSA017414","13"
"Umf 45 San Luis Potosi","San Luis Potosí","IMSS","SPIMS000195","13"
"Hospital General de Cancún Dr Jesus Kumate Rodriguez","Quintana Roo","SSA","QRSSA018062","13"
"H.g. Dr.salvador González Herrejon","México","SSA","MCSSA001011","13"
"Hospital Regional Materno Infantil","Nuevo León","SSA","NLSSA014295","13"
"Hgz 51 Chapala","Durango","IMSS","DGIMS000095","12"
"Hgsmf 26 Cabo San Lucas","Baja California Sur","IMSS","BSIMS000154","12"
"Hospital General Uriangato","Guanajuato","SSA","GTSSA004650","11"
"Dr. Fernando Ocaranza","Sonora","ISSSTE","SRIST000133","11"
"Dr. Ismael Vazquez Ortiz","Querétaro","ISSSTE","QTIST000046","11"
"Hospital Naval de Veracruz","Veracruz de Ignacio de La Llave","SEMAR","VZSMA000040","11"
"Hospital Comunitario Purisima del Rincon","Guanajuato","SSA","GTSSA005432","11"
"H.g. Dr. Fernando Quiroz Gutiérrez","México","SSA","MCSSA008945","11"
"Hgzmf 2 Monterrey","Nuevo León","IMSS","NLIMS000373","11"
"Hospital General Nogales","Sonora","SSA","SRSSA001851","10"
"Hgr 66 Cd. Juárez","Chihuahua","IMSS","CHIMS000573","10"
"Hospital General de Axapusco","México","SSA","MCSSA014143","10"
"Hospital General Cd. Obregón","Sonora","SSA","SRSSA000562","10"
"Hospital General de Izucar de Matamoros","Puebla","SSA","PLSSA016806","10"
"Hospital Militar Regional de Guadalajara Jal.","Jalisco","SEDENA","JCSDN000010","10"
"Enfermería Militar de Ixtepec Oax.","Oaxaca","SEDENA","OCSDN000014","10"
"B. Hospital General Con Especialidades Juan María de Salvatierra","Baja California Sur","SSA","BSSSA001213","9"
"Hospital General de Chalco","México","SSA","MCSSA001682","9"
"Hospital General de Mazatlán","Sinaloa","SSA","SLSSA002585","9"
"Hospital San José de Hermosillo S.a. de C.v.","Sonora","SMP","SRSMP000372","8"
"Hies de Chihuahua","Chihuahua","SSA","CHSSA018514","8"
"Hospital General de Cabo San Lucas","Baja California Sur","SSA","BSSSA001131","8"
"Hospital Materno Infantil Irapuato","Guanajuato","SSA","GTSSA017542","8"
"5 de Diciembre","Baja California","ISSSTE","BCIST000040","8"
"Hospital General Pénjamo","Guanajuato","SSA","GTSSA002760","7"
"Hospital General Torreón","Coahuila de Zaragoza","SSA","CLSSA002862","7"
"19 Tuxtla","Chiapas","SSA","CSSSA009471","6"
"Hospital General Silao","Guanajuato","SSA","GTSSA017023","6"
"Hospital General Chilapa de Álvarez Pzc","Guerrero","SSA","GRSSA010510","5"
"Hospital de Especialidades  Pediatrico León","Guanajuato","SSA","GTSSA017525","5"
"Hospital General Salvatierra","Guanajuato","SSA","GTSSA006495","4"
"Hgzmf 4 Cd. Carmen","Campeche","IMSS","CCIMS000045","4"
"Hospital General Dr. Rubén Leñero","Ciudad de México","SSA","DFSSA003553","0"
"Hospital Integral Navolato","Sinaloa","SSA","SLSSA002491","0"
"6/o. Grupo de Moteros","Ciudad de México","SEDENA","DFSDN000120","0"
"Zoquiapan Dr. Pedro López","México","SSA","MCSSA002761","0"
"Unidad de Hospitalizacion Temprana Covid Tabasco","Tabasco","SSA","TCSSA006565","0"
"Cessa San Sebastián de Aparicio","Puebla","SSA","PLSSA006294","0"
"Hospital Naval de Mazatlan","Sinaloa","SEMAR","SLSMA000022","0"
"Came Orizaba","Veracruz de Ignacio de La Llave","SSA","VZSSA008302","0"
"Hospital Integral Angostura","Sinaloa","SSA","SLSSA000193","0"
"19 Siglo Xxi","Yucatán","SSA","YNSSA001866","0"
"Hgzmf 21 Leon","Guanajuato","IMSS","GTIMS000243","0"
"Hospital Movil Temporal Covid","Oaxaca","SSA","OCSSA007920","0"
"Hc San Pedro Huamelula","Oaxaca","SSA","OCSSA021256","0"
"Hc Teotitlán de Flores Magón","Oaxaca","SSA","OCSSA021080","0"
"Hc Río Grande","Oaxaca","SSA","OCSSA020684","0"
"Hg Ciudad Ixtepec","Oaxaca","SSA","OCSSA016764","0"
"Hc Santa Catarina Juquila","Oaxaca","SSA","OCSSA004152","0"
"He de La Niñez Oaxaqueña","Oaxaca","SSA","OCSSA001463","0"
"Pinos","Zacatecas","IMSS-BIENESTAR","ZSIMO000820","0"
"Concepción del Oro","Zacatecas","IMSS-BIENESTAR","ZSIMO000050","0"
"Plan de Arroyos","Veracruz de Ignacio de La Llave","IMSS-BIENESTAR","VZIMO006153","0"
"Soto La Marina","Tamaulipas","IMSS-BIENESTAR","TSIMO000796","0"
"Villa Unión","Sinaloa","IMSS-BIENESTAR","SLIMO000733","0"
"Axtla de Terrazas","San Luis Potosí","IMSS-BIENESTAR","SPIMO002475","0"
"Tepexi de Rodríguez","Puebla","IMSS-BIENESTAR","PLIMO002272","0"
"San Salvador El Seco","Puebla","IMSS-BIENESTAR","PLIMO002004","0"
"Huautla de Jiménez","Oaxaca","IMSS-BIENESTAR","OCIMO000352","0"
"San Cayetano","Nayarit","IMSS-BIENESTAR","NTIMO000705","0"
"Rodeo","Durango","IMSS-BIENESTAR","DGIMO001093","0"
"Hg Juchitan Dr. Macedonio Benitez Fuentes","Oaxaca","SSA","OCSSA007693","0"
"Valle de Ignacio Allende","Chihuahua","IMSS-BIENESTAR","CHIMO000043","0"
"Hc Tamazulapan","Oaxaca","SSA","OCSSA000384","0"
"Hidalgo","Tamaulipas","IMSS-BIENESTAR","TSIMO001250","0"
"Villa Ávila Camacho (la Ceiba)","Puebla","IMSS-BIENESTAR","PLIMO002803","0"
"Buenavista","Michoacán de Ocampo","IMSS-BIENESTAR","MNIMO003954","0"
"Hg Pinotepa Pedro Espinoza Rueda","Oaxaca","SSA","OCSSA005383","0"
"Hc Hospital Integral Comunitario Chalcatongo","Oaxaca","SSA","OCSSA000343","0"
"San Carlos","Tamaulipas","IMSS-BIENESTAR","TSIMO000661","0"
"Miahuatlán de Porfirio Díaz","Oaxaca","IMSS-BIENESTAR","OCIMO000550","0"
"Mapastepec","Chiapas","IMSS-BIENESTAR","CSIMO002125","0"
"Hgz 3 S. Juan del Rio","Querétaro","IMSS","QTIMS000186","0"
"Hgzmf 6 Ocotlan","Jalisco","IMSS","JCIMS000651","0"
"Hg Cm La Raza","Ciudad de México","IMSS","DFIMS000061","0"
"Hgs 13 Cd. Acuña","Coahuila de Zaragoza","IMSS","CLIMS000012","0"
"Hgzmf 16 C. Cuauhtémoc","Chihuahua","IMSS","CHIMS000095","0"
"Tlaltenango de Sánchez Román","Zacatecas","IMSS-BIENESTAR","ZSIMO001182","0"
"Hospital Rural Los Hernandez","San Luis Potosí","IMSS-BIENESTAR","SPIMO002651","0"
"Paracho de Verduzco","Michoacán de Ocampo","IMSS-BIENESTAR","MNIMO001796","0"
"Guadalupe Victoria","Durango","IMSS-BIENESTAR","DGIMO000352","0"
"Hecelchakán","Campeche","IMSS-BIENESTAR","CCIMO000232","0"
"Hgzmf 28 Costa Rica","Sinaloa","IMSS","SLIMS000184","0"
"Hgz 30 Iztacalco","Ciudad de México","IMSS","DFIMS000324","0"
"Hgz 2 Aguascalientes","Aguascalientes","IMSS","ASIMS000016","0"
"Coalcomán de Vázquez Pallares","Michoacán de Ocampo","IMSS-BIENESTAR","MNIMO000425","0"
"Vicente Guerrero","Durango","IMSS-BIENESTAR","DGIMO001595","0"
"Bochil","Chiapas","IMSS-BIENESTAR","CSIMO000433","0"
"Hgzmf 32 Minatitlan","Veracruz de Ignacio de La Llave","IMSS","VZIMS000680","0"
"Hgsmf 2 Cozumel","Quintana Roo","IMSS","QRIMS000014","0"
"Hto 21 Monterrey","Nuevo León","IMSS","NLIMS000344","0"
"Hgzmf 3 Salamanca","Guanajuato","IMSS","GTIMS000330","0"
"Umf 13 Azcapotzalco","Ciudad de México","IMSS","DFIMS000032","0"
"Hgs 22 N.casas Grandes","Chihuahua","IMSS","CHIMS000450","0"
"Venustiano Carranza","Chiapas","IMSS-BIENESTAR","CSIMO005210","0"
"Hes Cmn Siglo Xxi","Ciudad de México","IMSS","DFIMS000580","0"
"Dr. Baudelio Villanueva","Tamaulipas","ISSSTE","TSIST000100","0"
"San Jose del Cabo","Baja California Sur","ISSSTE","BSIST000101","0"
"Hospital de La Mujer San Cristóbal de Las Casas","Chiapas","SSA","CSSSA005773","0"
"Hes 2 Cm Obregon","Sonora","IMSS","SRIMS000150","0"
"Ort Magdalena Salinas","Ciudad de México","IMSS","DFIMS000196","0"
"Piedras Negras","Coahuila de Zaragoza","ISSSTE","CLIST000094","0"
"Iguala de La Independencia","Guerrero","ISSSTE","GRIST000153","0"
"Dr. Rafael Barba Ocampo","Morelos","ISSSTE","MSIST000025","0"
"19 Palenque","Chiapas","SSA","CSSSA019510","0"
"Hgsmf 41 Huatulco","Oaxaca","IMSS","OCIMS000281","0"
"Umf 161 Av. Toluca","Ciudad de México","IMSS","DFIMS000802","0"
"Tuxtepec","Oaxaca","ISSSTE","OCIST000165","0"
"Tuxpan","Veracruz de Ignacio de La Llave","ISSSTE","VZIST000296","0"
"Cd. Sabinas","Coahuila de Zaragoza","ISSSTE","CLIST000181","0"
"Ricardo Flores Magon","Michoacán de Ocampo","ISSSTE","MNIST000103","0"
"Hospital Militar Regional del Cipres B. C.","Baja California","SEDENA","BCSDN000024","0"
"Tehuantepec","Oaxaca","ISSSTE","OCIST000252","0"
"Rio Bravo","Tamaulipas","ISSSTE","TSIST000170","0"
"San Pedro de Las Colonias","Coahuila de Zaragoza","ISSSTE","CLIST000111","0"
"Unidad Auxiliar Hospitalaria Zonkeys","Baja California","SSA","BCSSA001753","0"
"Ocosingo","Chiapas","ISSSTE","CSIST000140","0"
"Hospital Comunitario Aquismon","San Luis Potosí","SSA","SPSSA000064","0"
"Hospital de Sabancuy","Campeche","SSA","CCSSA001734","0"
"Hospital Integral de Bacalar","Quintana Roo","SSA","QRSSA000460","0"
"Hospital Integral Xpujil","Campeche","SSA","CCSSA001116","0"
"Rioverde","San Luis Potosí","ISSSTE","SPIST000096","0"
"Puerto Vallarta","Jalisco","ISSSTE","JCIST000086","0"
"19 Tapachula","Chiapas","SME","CSSME000100","0"
"Hospital General Huixtla","Chiapas","SSA","CSSSA002611","0"
"Hospital General Dr. Salvador Zubirán Anchondo","Chihuahua","SSA","CHSSA000664","0"
"Hospital Integral José María Morelos","Quintana Roo","SSA","QRSSA001312","0"
"Hi Arteaga","Michoacán de Ocampo","SSA","MNSSA000310","0"
"Orizaba","Veracruz de Ignacio de La Llave","ISSSTE","VZIST000173","0"
"Cd. Juarez","Chihuahua","ISSSTE","CHIST000112","0"
"Gomez Palacio","Durango","ISSSTE","DGIST000054","0"
"Hospital General Yajalón Dr. Jose Manuel Velasco Siles","Chiapas","SSA","CSSSA009232","0"
"Centro de Salud Con Servicios Ampliados de San Felipe Hueyotlipan","Puebla","SSA","PLSSA009241","0"
"Hospital General Tecamachalco","Puebla","SSA","PLSSA016893","0"
"Hospital del Niño Morelense","Morelos","SSA","MSSSA002863","0"
"Villa Ocaranza","Hidalgo","SSA","HGSSA003941","0"
"Hospital General Actopan","Hidalgo","SSA","HGSSA000156","0"
"Monclova","Coahuila de Zaragoza","ISSSTE","CLIST000065","0"
"Apatzingan de La Constitucion","Michoacán de Ocampo","ISSSTE","MNIST000016","0"
"Hospital Comunitario Huanimaro","Guanajuato","SSA","GTSSA001623","0"
"19 Pichucalco","Chiapas","SSA","CSSSA009466","0"
"Cessa Sanctorum","Puebla","SSA","PLSSA017065","0"
"Hospital General de Acatlán de Osorio","Puebla","SSA","PLSSA008572","0"
"C.s. C/ Hospitalización Adán G. Velarde","Baja California Sur","SSA","BSSSA000192","0"
"Hospital Integral de Isla Mujeres","Quintana Roo","SSA","QRSSA001826","0"
"A D. F.","Ciudad de México","SEDENA","DFSDN000074","0"
"Navojoa","Sonora","ISSSTE","SRIST000162","0"
"Huajuapan de Leon","Oaxaca","ISSSTE","OCIST000042","0"
"Hospital Comunitario Moctezuma","Sonora","SSA","SRSSA001612","0"
"Hospital General de Reforma","Chiapas","SSA","CSSSA009186","0"
"Cessa Tlaxcalancingo","Puebla","SSA","PLSSA006060","0"
"Hospital Obstetrico Pachuca","Hidalgo","SSA","HGSSA002425","0"
"Hg de Jojutla Dr. Ernesto Meana San Román","Morelos","SSA","MSSSA000961","0"
"Hg Zamora","Michoacán de Ocampo","SSA","MNSSA003945","0"
"Dr. Manuel F. Rodriguez","Tamaulipas","ISSSTE","TSIST000071","0"
"Fresnillo","Zacatecas","ISSSTE","ZSIST000032","0"
"Cd. Cuauhtemoc","Chihuahua","ISSSTE","CHIST000025","0"
"Irapuato","Guanajuato","ISSSTE","GTIST000086","0"
"Constitucion","Nuevo León","ISSSTE","NLIST000093","0"
"19 Villaflores","Chiapas","SSA","CSSSA009500","0"
"Hospital General María Ignacia Gandulfo Comitan","Chiapas","SSA","CSSSA001030","0"
"Cessa Romero Vargas","Puebla","SSA","PLSSA009214","0"
"Centro de Salud Urbano Huauchinango","Puebla","SSA","PLSSA015032","0"
"Hospital Comunitario Ebano","San Luis Potosí","SSA","SPSSA002770","0"
"Hospital Comunitario de Loreto","Baja California Sur","SSA","BSSSA000933","0"
"Hospital Comunitario  Ures","Sonora","SSA","SRSSA002295","0"
"Hospital General Puruandiro","Michoacán de Ocampo","SSA","MNSSA016480","0"
"Dr. Francisco Galindo Chavez","Coahuila de Zaragoza","ISSSTE","CLIST000123","0"
"Teziutlan","Puebla","ISSSTE","PLIST000171","0"
"Unidad Auxiliar Hospitalaria Uabc","Baja California","SSA","BCSSA001765","0"
"Hospital Comunitario Sayula","Jalisco","SSA","JCSSA004930","0"
"Hospital General Huauchinango","Puebla","SSA","PLSSA016543","0"
"Hospital de Las Culturas San Cristobal de Las Casas","Chiapas","SSA","CSSSA018764","0"
"Hc Tuzantla","Michoacán de Ocampo","SSA","MNSSA016504","0"
"Mazatlan","Sinaloa","ISSSTE","SLIST000196","0"
"Cd. Victoria","Tamaulipas","ISSSTE","TSIST000153","0"
"Hospital Militar Regional de Irapuato Gto.","Guanajuato","SEDENA","GTSDN000010","0"
"19 San Cristobal de Las Casas","Chiapas","SSA","CSSSA009483","0"
"Hospital General Juárez Arriaga","Chiapas","SSA","CSSSA000453","0"
"Centro de Salud Con Servicios Ampliados (cessa) de Amozoc","Puebla","SSA","PLSSA008503","0"
"Hospital General de La Huasteca","Hidalgo","SSA","HGSSA015520","0"
"Hospital Comunitario Tomatlan","Jalisco","SSA","JCSSA006115","0"
"Hospital General  Raúl A. Carrillo","Baja California Sur","SSA","BSSSA000595","0"
"Hospital General Iztapalapa","Ciudad de México","SSA","DFSSA001540","0"
"Hospital Comunitario Comonfort","Guanajuato","SSA","GTSSA005502","0"
"Santa Rosalia","Baja California Sur","ISSSTE","BSIST000043","0"
"Nueva Rosita","Coahuila de Zaragoza","ISSSTE","CLIST000193","0"
"Zacapu","Michoacán de Ocampo","ISSSTE","MNIST000214","0"
"Huauchinango","Puebla","ISSSTE","PLIST000072","0"
"Hospital General Bicentenario Villaflores","Chiapas","SSA","CSSSA018875","0"
"Hospital General de Atlixco Gonzalo Río Arronte","Puebla","SSA","PLSSA009292","0"
"Hospital Integral Zacapoaxtla","Puebla","SSA","PLSSA008281","0"
"Hospital Integral Atlapexco","Hidalgo","SSA","HGSSA000511","0"
"Presidente Gral. Lazaro Cardenas","Chihuahua","ISSSTE","CHIST000030","0"
"19 Isstech Tuxtla","Chiapas","SME","CSSME000066","0"
"Hospital Integral de Calkiní","Campeche","SSA","CCSSA017403","0"
"Centro de Salud Con Servicios Ampliados (cessa) San Pedro Cholula","Puebla","SSA","PLSSA008854","0"
"Hospital de Traumatología Y Ortopedia Doctor Y General Rafael Moreno Valle","Puebla","SSA","PLSSA009394","0"
"Hospital Basico Comunitario de Xilitla","San Luis Potosí","SSA","SPSSA017144","0"
"Hospital Comunitario Ciudad del Maíz","San Luis Potosí","SSA","SPSSA000262","0"
"Hospital General de Cozumel","Quintana Roo","SSA","QRSSA000011","0"
"Hospital Comunitario de Champotón Dr.josé E. Nazar Raiden","Campeche","SSA","CCSSA000544","0"
"Guadalajara","Jalisco","ISSSTE","JCIST000873","0"
"Hospital Militar Regional de Acapulco Gro.","Guerrero","SEDENA","GRSDN000014","0"
"Hospital General Dr. Juan C. Corzo Tonalá","Chiapas","SSA","CSSSA007074","0"
"H.g. Valentín Gómez Farías (san Francisco Zentlalpan)","México","SSA","MCSSA018750","0"
"Enfermería Militar de San Miguel de Los Jagueyes Mex.","México","SEDENA","MCSDN000035","0"
"Hospital Integral Acaponeta","Nayarit","SSA","NTSSA000013","0"
"Hospital Integral Jacala","Hidalgo","SSA","HGSSA001795","0"
"Hospital Infantil del Estado de Sonora","Sonora","SSA","SRSSA001105","0"
"Hospital  Comunitario de  Hopelchen","Campeche","SSA","CCSSA001594","0"
"Hospital General Felipe Carrillo Puerto","Quintana Roo","SSA","QRSSA000023","0"
"Hg Los Reyes","Michoacán de Ocampo","SSA","MNSSA016521","0"
"Hospital Militar Regional de Tuxtla Gtz. Chis.","Chiapas","SEDENA","CSSDN000013","0"
"Hospital General San Miguel Allende¨ Felipe G. Dobarganes¨","Guanajuato","SSA","GTSSA000310","0"
"Hospital General de Caborca","Sonora","SSA","SRSSA006261","0"
"Hospital Comunitario Cihuatlan","Jalisco","SSA","JCSSA001261","0"
"Hospital General Cd. Acuña","Coahuila de Zaragoza","SSA","CLSSA000033","0"
"Hospital Integral San Ignacio","Sinaloa","SSA","SLSSA017570","0"
"Hospital  Naval de Lazaro Cardenas","Michoacán de Ocampo","SEMAR","MNSMA000011","0"
"Hospital Materno de San Luis de La Paz","Guanajuato","SSA","GTSSA017472","0"
"Hospital General de Agua Prieta","Sonora","SSA","SRSSA017671","0"
"Hospital Mixto Jesús María","Nayarit","SSA","NTSSA000660","0"
"Hospital Integral Mocorito","Sinaloa","SSA","SLSSA001716","0"
"Hospital Militar Regional de Especialidades de Monterrey N. L.","Nuevo León","SEDENA","NLSDN000012","0"
"Hospital de Especialidad Materno Infantil de León","Guanajuato","SSA","GTSSA002096","0"
"Hc Maruata","Michoacán de Ocampo","SSA","MNSSA016550","0"
"Hospital Militar Zona de Chetumal Q. Roo","Quintana Roo","SEDENA","QRSDN000015","0"
"Hospital Militar de Zona de Cinco de Mayo Dgo.","Durango","SEDENA","DGSDN000014","0"
"Hospital Integral Concordia","Sinaloa","SSA","SLSSA000473","0"
"Hospital Integral Badiraguato","Sinaloa","SSA","SLSSA000246","0"
"Hospital Comunitario Tarimoro","Guanajuato","SSA","GTSSA016970","0"
"Hospital General de Cananea","Sonora","SSA","SRSSA006285","0"
"Hospital de La Mujer","Michoacán de Ocampo","SSA","MNSSA001862","0"
"Hospital General Rincón de Romos","Aguascalientes","SSA","ASSSA000655","0"
"Hospital Comunitario Huejuquilla","Jalisco","SSA","JCSSA008401","0"
"Hospital Comunitario Manuel Doblado","Guanajuato","SSA","GTSSA017390","0"
"Pachuca (dr. Jesús del Rosal)","Hidalgo","SSA","HGSSA002570","0"
"Hospital Comunitario Santa Cruz de Juventino Rosas","Guanajuato","SSA","GTSSA016842","0"
"Hg Hospital General de Cd. Mante Dr. Emilio Martínez Manautou","Tamaulipas","SSA","TSSSA018000","0"
"Hospital Comunitario de La Huacana","Michoacán de Ocampo","SSA","MNSSA016545","0"
"Hospital Militar Regional de Mérida Yuc.","Yucatán","SEDENA","YNSDN000014","0"
"Hospital General Zacatecas Luz González Cosio","Zacatecas","SSA","ZSSSA013143","0"
"Hospital General Escuinapa","Sinaloa","SSA","SLSSA018253","0"
"Hospital General de Escarcega Dr. Janell Romero Aguilar","Campeche","SSA","CCSSA017682","0"
"Hospital Materno Celaya","Guanajuato","SSA","GTSSA017530","0"
"Hospital Comunitario Mascota","Jalisco","SSA","JCSSA003583","0"
"Hospital Comunitario Cortazar","Guanajuato","SSA","GTSSA001121","0"
"Hospital Integral de Sinaloa de Leyva","Sinaloa","SSA","SLSSA002136","0"
"Nocupetaro","Michoacán de Ocampo","SSA","MNSSA016516","0"
"Hospital General Zacapu","Michoacán de Ocampo","SSA","MNSSA005275","0"
"Hospital Central Dr. Ignacio Morones Prieto","San Luis Potosí","SSA","SPSSA001102","0"
"Hospital Basico Comunitario de Tecuala","Nayarit","SSA","NTSSA016072","0"
"Hospital Comunitario Tamazula","Jalisco","SSA","JCSSA008080","0"
"Hospital Regional Valle de Bravo Nicolás Bravo Bicentenario Issemym","México","SME","MCSME001114","0"
"Hospital Integral Valle del Carrizo","Sinaloa","SSA","SLSSA002573","0"
"Hospital General Calvillo","Aguascalientes","SSA","ASSSA000404","0"
"Hospital del Niño Y La Mujer Dr. Alberto López Hermosa","San Luis Potosí","SSA","SPSSA017301","0"
"Hospital General de Matehuala","San Luis Potosí","SSA","SPSSA002992","0"
"Hospital Militar de Zona de El Vergel Iztapalapa","Ciudad de México","SEDENA","DFSDN000016","0"
"Hospital Comunitario Teocaltiche","Jalisco","SSA","JCSSA005461","0"
"Hospital General Pabellón de Arteaga","Aguascalientes","SSA","ASSSA000614","0"
"Hospital Comunitario Las Joyas","Guanajuato","SSA","GTSSA005613","0"
"Hospital Comunitario San Francisco del Rincón","Guanajuato","SSA","GTSSA003793","0"
"Hospital Comunitario San Diego de La Union","Guanajuato","SSA","GTSSA017501","0"
"Hospital Integral Choix","Sinaloa","SSA","SLSSA000963","0"
"Hospital Comunitario Colotlan","Jalisco","SSA","JCSSA001454","0"
"Hospital Basico Comunitario de Tondoroque","Nayarit","SSA","NTSSA015874","0"
"Hospital Infantil de Especialidades de Ciudad Juárez","Chihuahua","SSA","CHSSA018012","0"
"Hospital Militar Regional de Tuxpan Ver.","Veracruz de Ignacio de La Llave","SEDENA","VZSDN000022","0"
"Hg Dr. Javier Ramírez Topete","Chihuahua","SSA","CHSSA000570","0"
"Hospital Regional de Ciudad Guzman","Jalisco","SSA","JCSSA001326","0"
"Hospital General de Durango","Durango","SSA","DGSSA000191","0"
"Hospital Privado de Hermosillo S.a. de C.v. Cima","Sonora","SMP","SRSMP000413","0"
"Hospital Militar de Especialidades de La Mujer Y Neonatologia","Ciudad de México","SEDENA","DFSDN000062","0"
"Centro de Atención Covid Iguala de La Independencia","Guerrero","SMM","GRSMM000024","0"
"Hospital Militar de Zona Constituyentes","Ciudad de México","SEDENA","DFSDN000050","0"
"Hospital Integral Puente de Camotlán","Nayarit","SSA","NTSSA015425","0"
"Isssteleón","Nuevo León","SME","NLSME000024","0"
"Hospital General Regional Dr. Guillermo Soberón Acevedo","Guerrero","SSA","GRSSA010061","0"
"Hospital Regional de La Barca","Jalisco","SSA","JCSSA013815","0"
"Hospital Comunitario Moroleón","Guanajuato","SSA","GTSSA017443","0"
"Hospital General del Bajo Rio Mayo","Sonora","SSA","SRSSA018313","0"
"Hospital Comunitario Yuriria","Guanajuato","SSA","GTSSA017431","0"
"Hospital Básico Comunitario de Compostela","Nayarit","SSA","NTSSA016060","0"
"Hospital Regional Valle de Chalco Solidaridad Issemym","México","SME","MCSME000776","0"
"Hospital Comunitario Ojuelos","Jalisco","SSA","JCSSA003986","0"
"Hospital Regional Cocula","Jalisco","SSA","JCSSA001401","0"
"Hospital Militar de Zona de Guadalupe Zac.","Zacatecas","SEDENA","ZSSDN000016","0"
"Hospital General San Luis de La Paz","Guanajuato","SSA","GTSSA004003","0"
"Centro de Raqueta de Veracruz","Veracruz de Ignacio de La Llave","SSA","VZSSA008314","0"
"Hospital Regional Tenancingo Issemym","México","SME","MCSME000752","0"
"Hospital Comunitario Apaseo El Grande","Guanajuato","SSA","GTSSA000585","0"
"Hospital General San Francisco","Nayarit","SSA","NTSSA002084","0"
"Hospital General Tercer Milenio","Aguascalientes","SSA","ASSSA000030","0"
"Hospital Regional Tepatitlan","Jalisco","SSA","JCSSA005584","0"
"Hospital General San Felipe del Progreso","México","SSA","MCSSA005095","0"
"Hospital General de Tacambaro Maria Zendejas","Michoacán de Ocampo","SSA","MNSSA002965","0"
"Hospital Integral de Puerto Peñasco","Sonora","SSA","SRSSA017666","0"
"Hospital Integral Ixtlán del Río","Nayarit","SSA","NTSSA000474","0"
"Hgr 2 Villa Coapa","Ciudad de México","IMSS","DFIMS000814","0"
"Hgz 47 Vicente Guerrero","Ciudad de México","IMSS","DFIMS000365","0"
"Hes Cm La Raza","Ciudad de México","IMSS","DFIMS000020","0"
"Hgzmf 7 Monclova","Coahuila de Zaragoza","IMSS","CLIMS000111","0"
"Cd. del Carmen","Campeche","ISSSTE","CCIST000033","0"
"Santiago Jamiltepec","Oaxaca","IMSS-BIENESTAR","OCIMO003992","0"
"Ocosingo","Chiapas","IMSS-BIENESTAR","CSIMO002784","0"
"Ocozocoautla de Espinosa","Chiapas","IMSS-BIENESTAR","CSIMO003081","0"
"Hgzmf 2 Irapuato","Guanajuato","IMSS","GTIMS000185","0"
"Santiago Juxtlahuaca","Oaxaca","IMSS-BIENESTAR","OCIMO004050","0"
"Guadalupe Tepeyac","Chiapas","IMSS-BIENESTAR","CSIMO002270","0"
"Hgzmf 35 Cosamaloapan","Veracruz de Ignacio de La Llave","IMSS","VZIMS000342","0"
"Hgz 8 Caborca","Sonora","IMSS","SRIMS000116","0"
"Umf 5 Monterrey","Nuevo León","IMSS","NLIMS000472","0"
"19","México","IMSS","MCIMS001224","0"
"Hgsmf 3 Chilpancingo","Guerrero","IMSS","GRIMS000100","0"
"Umf 28 del Valle","Ciudad de México","IMSS","DFIMS000546","0"
"Umf 42 Cuajimalpa","Ciudad de México","IMSS","DFIMS000172","0"
"Hgzmf 16 Torreon","Coahuila de Zaragoza","IMSS","CLIMS000432","0"
"Cd. Valles","San Luis Potosí","ISSSTE","SPIST000055","0"
"Altamirano","Chiapas","IMSS-BIENESTAR","CSIMO000170","0"
"Hgsmf 26 Tuxpan","Veracruz de Ignacio de La Llave","IMSS","VZIMS001071","0"
"Hgr 1 Queretaro","Querétaro","IMSS","QTIMS000092","0"
"Hgzmf 6 Tepeji del Rio","Hidalgo","IMSS","HGIMS000123","0"
"Hgp 3a Magdalena Salinas","Ciudad de México","IMSS","DFIMS000184","0"
"Nogales","Sonora","ISSSTE","SRIST000174","0"
"San Jose del Rincon","México","IMSS-BIENESTAR","MCIMO000093","0"
"Hgs 33 Tierra Blanca","Veracruz de Ignacio de La Llave","IMSS","VZIMS001013","0"
"Hgz 2 Hermosillo","Sonora","IMSS","SRIMS000413","0"
"Hgzmf 10 S. Ixcuintla","Nayarit","IMSS","NTIMS000144","0"
"Umf 162 C/umaa","Ciudad de México","IMSS","DFIMS000826","0"
"Umf 120 Zaragoza","Ciudad de México","IMSS","DFIMS000382","0"
"San Luis Rio Colorado","Sonora","ISSSTE","SRIST000203","0"
"Amanalco","México","IMSS-BIENESTAR","MCIMO000105","0"
"San Juanito","Chihuahua","IMSS-BIENESTAR","CHIMO000224","0"
"Hgzmf 2 Apizaco","Tlaxcala","IMSS","TLIMS000030","0"
"Hgz 5 Metepec","Puebla","IMSS","PLIMS000043","0"
"Hcard 34 Lincoln","Nuevo León","IMSS","NLIMS000315","0"
"Hgs 7 La Piedad","Michoacán de Ocampo","IMSS","MNIMS000260","0"
"Hped Cmn Siglo Xxi","Ciudad de México","IMSS","DFIMS000616","0"
"Hgz 35 Cd.juárez","Chihuahua","IMSS","CHIMS000305","0"
"Hgs 5 Guerrero Negro","Baja California Sur","IMSS","BSIMS000072","0"
"Agosto 12","Tamaulipas","ISSSTE","TSIST000095","0"
"Benemérito de Las Américas","Chiapas","IMSS-BIENESTAR","CSIMO002924","0"
"Unidad Movil Temporal Covid","México","IMSS","MCIMS001212","0"
"Hgsmf 5 Taxco","Guerrero","IMSS","GRIMS000182","0"
"Hgs 38 San José del Cabo","Baja California Sur","IMSS","BSIMS000224","0"
"Hgr 20 Tijuana","Baja California","IMSS","BCIMS000262","0"
"Hgz 8 Cordoba","Veracruz de Ignacio de La Llave","IMSS","VZIMS000296","0"
"Hgz 1 Carlos Mcgregor","Ciudad de México","IMSS","DFIMS000534","0"
"Hgzmf 24 Nueva Rosita","Coahuila de Zaragoza","IMSS","CLIMS000391","0"
"Matehuala","San Luis Potosí","ISSSTE","SPIST000084","0"
"Poza Rica de Hidalgo","Veracruz de Ignacio de La Llave","ISSSTE","VZIST000226","0"
"Hgsmf 8 Tlaxcala","Tlaxcala","IMSS","TLIMS000194","0"
"Hgsmf 30 Guamuchil","Sinaloa","IMSS","SLIMS000411","0"
"Hgsmf 9 Apatzigan","Michoacán de Ocampo","IMSS","MNIMS000021","0"
"Hospital General de Zona 36 de Pachuca","Hidalgo","IMSS","HGIMS000275","0"
"Hgzmf 4 Iguala","Guerrero","IMSS","GRIMS000112","0"
"H Psiquiatrico Mf10 Postal","Ciudad de México","IMSS","DFIMS000790","0"
"Troncoso","Ciudad de México","IMSS","DFIMS000312","0"
"Pinotepa Nacional","Oaxaca","ISSSTE","OCIST000240","0"
"Cd. Mante","Tamaulipas","ISSSTE","TSIST000054","0"
"Hgzmf 2 Zacapu","Michoacán de Ocampo","IMSS","MNIMS000494","0"
"Hgs 54 Silao","Guanajuato","IMSS","GTIMS000506","0"
"Hcard Cmn Siglo Xxi","Ciudad de México","IMSS","DFIMS000575","0"
"Hgz 1 Saltillo","Coahuila de Zaragoza","IMSS","CLIMS000321","0"
"Hgs 6 Tecate","Baja California","IMSS","BCIMS000443","0"
"Hidalgo del Parral","Chihuahua","ISSSTE","CHIST000095","0"
"Hgzmf 5 Zacatepec","Morelos","IMSS","MSIMS000235","0"
"Hgz 2 Tulancingo","Hidalgo","IMSS","HGIMS000181","0"
"Hgzmf 29 S. Juan Aragon","Ciudad de México","IMSS","DFIMS000230","0"
"Hospital General de Zona No. 3","Aguascalientes","IMSS","ASIMS000161","0"
"Guaymas","Sonora","ISSSTE","SRIST000104","0"
"Cd. Constitucion","Baja California Sur","ISSSTE","BSIST000014","0"
"Hgz 15 Cd. Reynosa","Tamaulipas","IMSS","TSIMS000310","0"
"Hgsmf 4 Navolato","Sinaloa","IMSS","SLIMS000435","0"
"Hg Adolfo Prieto","Guerrero","SSA","GRSSA012535","0"
"Hospital Comunitario de Tamuin","San Luis Potosí","SSA","SPSSA017132","0"
"Hi Cheran","Michoacán de Ocampo","SSA","MNSSA000836","0"
"Hg Apatzingan","Michoacán de Ocampo","SSA","MNSSA017400","0"
"Came Velodromo de Xalapa","Veracruz de Ignacio de La Llave","SSA","VZSSA008326","0"
"Hospital de La Mujer","Ciudad de México","SSA/CC","DFSSA004002","0"
"Hospital Regional de  Xalapa  Dr. Luis F.  Nachon","Veracruz de Ignacio de La Llave","SSA","VZSSA002970","0"
"Hospital General de Valladolid","Yucatán","SSA","YNSSA013440","0"
"50/o. Batallón de Infantería","Guerrero","SEDENA","GRSDN000183","0"
"Hospital General Monclova Amparo Pape de Benavides","Coahuila de Zaragoza","SSA","CLSSA002710","0"
"Hospital Militar Regional de Chihuahua Chih.","Chihuahua","SEDENA","CHSDN000026","0"
"Hospital Comunitario San Felipe","Guanajuato","SSA","GTSSA003600","0"
"Hospital Comunitario Mazamitla","Jalisco","SSA","JCSSA008075","0"
"Hospital General Rosamorada","Nayarit","SSA","NTSSA000800","0"
"Hospital Comunitario Encarnación de Diaz","Jalisco","SSA","JCSSA001990","0"
"Hospital Integral Cosala","Sinaloa","SSA","SLSSA000572","0"
"Hospital General La Cruz","Sinaloa","SSA","SLSSA017594","0"
"Hospital Integral de El Rosario","Sinaloa","SSA","SLSSA001873","0"
"Hospital Comunitario Alamos","Sonora","SSA","SRSSA000055","0"
"Hospital Militar de Zona de Mexicali B. C.","Baja California","SEDENA","BCSDN000012","0"
"Hospital General El Dorado","Sinaloa","SSA","SLSSA018265","0"
"Hospital Comunitario Romita","Guanajuato","SSA","GTSSA003151","0"
"Hospital de La Mujer","Chihuahua","SSA","CHSSA001796","0"
"Hospital Basico Comunitario Las Varas","Nayarit","SSA","NTSSA016084","0"
"Hg Puerto Escondido","Oaxaca","SSA","OCSSA020030","0"
"Hg María Lombardo de Caso","Oaxaca","SSA","OCSSA002320","0"
"Coscomatepec de Bravo","Veracruz de Ignacio de La Llave","IMSS-BIENESTAR","VZIMO000862","0"
"Hg Tehuantepec","Oaxaca","SSA","OCSSA018473","0"
"Hc Nochixtlan","Oaxaca","SSA","OCSSA000121","0"
"Tula","Tamaulipas","IMSS-BIENESTAR","TSIMO000871","0"
"Hc Santos Reyes Nopala","Oaxaca","SSA","OCSSA020445","0"
"Tecmeculan","Oaxaca","SSA","OCSSA018922","0"
"Hc Valle Nacional","Oaxaca","SSA","OCSSA020025","0"
"Charcas","San Luis Potosí","IMSS-BIENESTAR","SPIMO000546","0"
"Huetamo de Núñez","Michoacán de Ocampo","IMSS-BIENESTAR","MNIMO001125","0"
"Zacualtipán","Hidalgo","IMSS-BIENESTAR","HGIMO002043","0"
"Guachochi","Chihuahua","IMSS-BIENESTAR","CHIMO000516","0"
"Motozintla de Mendoza","Chiapas","IMSS-BIENESTAR","CSIMO002620","0"
"Hes 1 Merida","Yucatán","IMSS","YNIMS000071","0"
"Hes 1 Leon","Guanajuato","IMSS","GTIMS000226","0"
"Cessa Xonacatepec","Puebla","SSA","PLSSA006043","0"
"Hg Sahuayo","Michoacán de Ocampo","SSA","MNSSA002813","0"
"Hospital Comunitario Villagran","Guanajuato","SSA","GTSSA016994","0"
"Hospital de La Mujer","Sinaloa","SSA","SLSSA017606","0"
"H.g. Ma. Socorro Quiroga Aguilar","Campeche","SSA","CCSSA000363","0"
"Hc Villa Sola Vega","Oaxaca","SSA","OCSSA021116","0"
"Hc Nejapa de Madero","Oaxaca","SSA","OCSSA019996","0"
"Hg Pochutla","Oaxaca","SSA","OCSSA003715","0"
"Zongolica","Veracruz de Ignacio de La Llave","IMSS-BIENESTAR","VZIMO005004","0"
"Hc Tamazola","Oaxaca","SSA","OCSSA019132","0"
"Hc Ixtlan de Juárez","Oaxaca","SSA","OCSSA000594","0"
"Hg Putla Amigo del Niño Y de La Madre","Oaxaca","SSA","OCSSA020655","0"
"Hc San Pedro Tapanatepec","Oaxaca","SSA","OCSSA003826","0"
"Villanueva","Zacatecas","IMSS-BIENESTAR","ZSIMO001404","0"
"Acanceh","Yucatán","IMSS-BIENESTAR","YNIMO000031","0"
"El Fuerte","Sinaloa","IMSS-BIENESTAR","SLIMO000576","0"
"Heroica Ciudad de Huajuapan de León","Oaxaca","IMSS-BIENESTAR","OCIMO000335","0"
"Hc Santa Maria Huatulco","Oaxaca","SSA","OCSSA021133","0"
"Hc Loma Bonita","Oaxaca","SSA","OCSSA019844","0"
"Yuc","Yucatán","IMSS-BIENESTAR","YNIMO000311","0"
"Ixtepec","Puebla","IMSS-BIENESTAR","PLIMO003450","0"
"Zacatipan","San Luis Potosí","IMSS-BIENESTAR","SPIMO001461","0"
"Tlacolula de Matamoros","Oaxaca","IMSS-BIENESTAR","OCIMO004750","0"
"Hg Cuicatlan Dr. Alberto Vargas Merino","Oaxaca","SSA","OCSSA002052","0"
"Oxkutzcab","Yucatán","IMSS-BIENESTAR","YNIMO000446","0"
"Chiautla de Tapia","Puebla","IMSS-BIENESTAR","PLIMO000633","0"
"Huejutla de Reyes","Hidalgo","IMSS-BIENESTAR","HGIMO000643","0"
"Matamoros","Coahuila de Zaragoza","IMSS-BIENESTAR","CLIMO000281","0"
"Chignahuapan","Puebla","IMSS-BIENESTAR","PLIMO000691","0"
"Hospital Rural Oportunidades 33 Tuxpan","Michoacán de Ocampo","IMSS-BIENESTAR","MNIMO002764","0"
"La Union","Guerrero","IMSS-BIENESTAR","GRIMO000171","0"
"Ramos Arizpe","Coahuila de Zaragoza","IMSS-BIENESTAR","CLIMO000445","0"
"Hg Salina Cruz","Oaxaca","SSA","OCSSA019873","0"
"Maxcanú","Yucatán","IMSS-BIENESTAR","YNIMO000376","0"
"Río Grande","Zacatecas","IMSS-BIENESTAR","ZSIMO000914","0"
"Chicontepec de Tejeda","Veracruz de Ignacio de La Llave","IMSS-BIENESTAR","VZIMO001055","0"
"Matehuala","San Luis Potosí","IMSS-BIENESTAR","SPIMO000732","0"
"Matías Romero Avendaño","Oaxaca","IMSS-BIENESTAR","OCIMO000475","0"
"Mamantel","Campeche","IMSS-BIENESTAR","CCIMO000512","0"
"Hc Temascal","Oaxaca","SSA","OCSSA020100","0"
"Hg San Pablo Huixtepec Dr. Manuel Velasco Suárez","Oaxaca","SSA","OCSSA003406","0"
"Papantla de Olarte","Veracruz de Ignacio de La Llave","IMSS-BIENESTAR","VZIMO002875","0"
"San Ildefonso Villa Alta","Oaxaca","IMSS-BIENESTAR","OCIMO001315","0"
"San Buenaventura","Coahuila de Zaragoza","IMSS-BIENESTAR","CLIMO000561","0"
"Hc Tlacotepec","Oaxaca","SSA","OCSSA018736","0"
"Jáltipan de Morelos","Veracruz de Ignacio de La Llave","IMSS-BIENESTAR","VZIMO002105","0"
"Zacapoaxtla","Puebla","IMSS-BIENESTAR","PLIMO002890","0"
"Villamar","Michoacán de Ocampo","IMSS-BIENESTAR","MNIMO003942","0"
"San Felipe Ecatepec","Chiapas","IMSS-BIENESTAR","CSIMO003863","0"
"Hospital Básico Comunitario Huehuetla","Hidalgo","SSA","HGSSA015561","0"
"Hospital Comunitario Salinas de Hidalgo","San Luis Potosí","SSA","SPSSA001032","0"
"Hospital General Lázaro Cárdenas","Michoacán de Ocampo","SSA","MNSSA001722","0"
"Hospital de Palizada","Campeche","SSA","CCSSA001710","0"
"Cd. Guzman","Jalisco","ISSSTE","JCIST000045","0"
"Zitacuaro","Michoacán de Ocampo","ISSSTE","MNIST000231","0"
"Hospital General Palenque","Chiapas","SSA","CSSSA004595","0"
"Hospital Chiapas Nos Une Dr. Jesus Gilberto Gomez Maza","Chiapas","SSA","CSSSA019954","0"
"Hospital General Dr Eduardo Vazquez N","Puebla","SSA","PLSSA002490","0"
"Hospital Comunitario Tamazunchale","San Luis Potosí","SSA","SPSSA001703","0"
"Hospital Comunitario Villa de Arista","San Luis Potosí","SSA","SPSSA002654","0"
"Hospital de Ginecología Y Obstetricia S.a. de C.v.","Nuevo León","SMP","NLSMP000093","0"
"Ensenada","Baja California","ISSSTE","BCIST000011","0"
"Tamazunchale","San Luis Potosí","ISSSTE","SPIST000142","0"
"Hospital Temporal Politecnico","Baja California","SSA","BCSSA001741","0"
"Hospital de La Mujer Comitán","Chiapas","SSA","CSSSA018776","0"
"Cessa La Libertad","Puebla","SSA","PLSSA017134","0"
"Hospital Comunitario La Huerta","Jalisco","SSA","JCSSA002632","0"
"Hi Coahuayana","Michoacán de Ocampo","SSA","MNSSA000462","0"
"Hospital Integral Kantunilkin","Quintana Roo","SSA","QRSSA001423","0"
"Hospital Integral Valle de San Lorenzo","Sinaloa","SSA","SLSSA017582","0"
"Hospital Comunitario Jocotepec","Jalisco","SSA","JCSSA009364","0"
"Fray Junipero Serra","Baja California","ISSSTE","BCIST000093","0"
"Sahuayo","Michoacán de Ocampo","ISSSTE","MNIST000185","0"
"Hospital Militar de Zona de Ixcotel Oax.","Oaxaca","SEDENA","OCSDN000031","0"
"Tuxtla (u.n.e.m.e. Cirugía Ambulatoria Y Torre de Diagnóstico)","Chiapas","SSA","CSSSA019534","0"
"Hospital Estatal Movil Leon Guanajuato","Guanajuato","SSA","GTSSA005753","0"
"Cessa San Francisco Totimehuacán","Puebla","SSA","PLSSA009223","0"
"Hospital Integral de Xicotepec","Puebla","SSA","PLSSA009283","0"
"Hospital Integral Cinta Larga","Hidalgo","SSA","HGSSA002162","0"
"Hospital General Huichapan","Hidalgo","SSA","HGSSA001503","0"
"Hospital Regional Otomi Tepehua","Hidalgo","SSA","HGSSA002751","0"
"Hospital General Candelaria","Campeche","SSA","CCSSA001220","0"
"Hi Nueva Italia","Michoacán de Ocampo","SSA","MNSSA002142","0"