"Unidad médica","Estado","Institución","CLUES","% de Ocupación"
"Hospital General de Ciudad Constitución","Baja California Sur","SSA","BSSSA001510","100"
"Hgz 194 El Molinito","México","IMSS","MCIMS000326","100"
"Hg Huajuapan Enf. María del Pilar Sánchez Villavicencio","Oaxaca","SSA","OCSSA000524","100"
"Santiago Juxtlahuaca","Oaxaca","IMSS-BIENESTAR","OCIMO004050","100"
"Guanajuato","Guanajuato","ISSSTE","GTIST000074","100"
"Hc Santa Catarina Juquila","Oaxaca","SSA","OCSSA004152","100"
"Hospital Militar Regional de San Luis Potosí Slp.","San Luis Potosí","SEDENA","SPSDN000015","100"
"Hospital Central del Estado","Chihuahua","SSA","CHSSA000676","100"
"Hospital General Rincón de Romos","Aguascalientes","SSA","ASSSA000655","100"
"Hospital General Pabellón de Arteaga","Aguascalientes","SSA","ASSSA000614","100"
"Dr. Patricio Trueba Regil","Campeche","ISSSTE","CCIST000021","100"
"Ixmiquilpan","Hidalgo","ISSSTE","HGIST000065","100"
"Enfermería Militar de Temamatla Mex.","México","SEDENA","MCSDN000011","100"
"Hospital Metropolitano","Nuevo León","SSA","NLSSA004046","100"
"Hospital General de Chetumal","Quintana Roo","SSA","QRSSA000373","100"
"Cd. del Carmen","Campeche","ISSSTE","CCIST000033","100"
"Pachuca (dr. Jesús del Rosal)","Hidalgo","SSA","HGSSA002570","100"
"Chetumal","Quintana Roo","ISSSTE","QRIST000043","100"
"Leon","Guanajuato","ISSSTE","GTIST000091","100"
"Hospital General de Zona No 33","Nayarit","IMSS","NTIMS000342","100"
"Hospital Militar de Zona de Ixcotel Oax.","Oaxaca","SEDENA","OCSDN000031","100"
"Hospital Regional Universitario","Colima","SSA","CMSSA000125","100"
"Hospital General San Luis de La Paz","Guanajuato","SSA","GTSSA004003","100"
"Hg Cuicatlan Dr. Alberto Vargas Merino","Oaxaca","SSA","OCSSA002052","100"
"Hg Oaxaca Dr. Aurelio Valdivieso","Oaxaca","SSA","OCSSA000985","100"
"Cd. Valles","San Luis Potosí","ISSSTE","SPIST000055","100"
"Orizaba","Veracruz de Ignacio de La Llave","ISSSTE","VZIST000173","100"
"Hospital General Ometepec","Guerrero","SSA","GRSSA005762","100"
"Hgz 30 Iztacalco","Ciudad de México","IMSS","DFIMS000324","100"
"Enfermería Militar de Zapopan Jal.","Jalisco","SEDENA","JCSDN000034","100"
"Hospital General Ajusco Medio","Ciudad de México","SSA","DFSSA018166","100"
"Instituto Nacional de Neurología Y Neurocirugía Manuel Velasco Suárez","Ciudad de México","SSA/CC","DFSSA004060","100"
"7/o. Batallon de Ingenieros de Combate","Yucatán","SEDENA","YNSDN000084","100"
"Cd. Mante","Tamaulipas","ISSSTE","TSIST000054","100"
"Pinos","Zacatecas","IMSS-BIENESTAR","ZSIMO000820","100"
"Hg Salina Cruz","Oaxaca","SSA","OCSSA019873","100"
"Hospital para el Niño Poblano","Puebla","SME","PLSME000020","100"
"Hgz 1 Tepic","Nayarit","IMSS","NTIMS000190","100"
"Tehuantepec","Oaxaca","ISSSTE","OCIST000252","100"
"Enfermería Militar de Ixtepec Oax.","Oaxaca","SEDENA","OCSDN000014","100"
"Centro de Alta Especialidad  Dr. Rafael Lucio","Veracruz de Ignacio de La Llave","SSA","VZSSA002965","100"
"Dr. Aquiles Calles Ramirez","Nayarit","ISSSTE","NTIST000120","100"
"Dr. Baudelio Villanueva","Tamaulipas","ISSSTE","TSIST000100","100"
"Hospital General Milpa Alta","Ciudad de México","SSA","DFSSA002066","100"
"Hospital Militar Regional de Chilpancingo Gro.","Guerrero","SEDENA","GRSDN000026","100"
"Hospital Real San José S.c","Jalisco","SMP","JCSMP000313","100"
"Hospital Regional de Alta Especialidad de La Península de Yucatán","Yucatán","SSA/CC","YNSSA013423","100"
"Hospital Regional de  Xalapa  Dr. Luis F.  Nachon","Veracruz de Ignacio de La Llave","SSA","VZSSA002970","100"
"Hospital Militar Regional de Puebla Pue.","Puebla","SEDENA","PLSDN000015","100"
"Hgr 220 Toluca","México","IMSS","MCIMS000816","100"
"Hospital General de La Zona Norte  Bicentenario de La Independencia","Puebla","SSA","PLSSA015230","100"
"Mazatlan","Sinaloa","ISSSTE","SLIST000196","100"
"Hospital Naval de Mazatlan","Sinaloa","SEMAR","SLSMA000022","100"
"Veracruz","Veracruz de Ignacio de La Llave","ISSSTE","VZIST000301","100"
"Hospital de Alta Especialidad de Veracruz","Veracruz de Ignacio de La Llave","SSA","VZSSA006972","100"
"Hospital Militar Regional del Cipres B. C.","Baja California","SEDENA","BCSDN000024","100"
"Hospital Naval de Tampico","Tamaulipas","SEMAR","TSSMA000032","100"
"Hgzmf 2 Monterrey","Nuevo León","IMSS","NLIMS000373","100"
"Centro Estatal de Cuidados Críticos Salamanca","Guanajuato","SSA","GTSSA017315","100"
"Hgr 180 Tlajomulco","Jalisco","IMSS","JCIMS001392","100"
"Instituto Nacional de Perinatología Isidro Espinosa de Los Reyes","Ciudad de México","SSA/CC","DFSSA004096","100"
"Hospital Materno de San Luis de La Paz","Guanajuato","SSA","GTSSA017472","100"
"Tampico","Tamaulipas","ISSSTE","TSIST000182","100"
"Hospital General Agustín O´horán","Yucatán","SSA","YNSSA000565","100"
"Hospital Naval de Acapulco","Guerrero","SEMAR","GRSMA000015","100"
"Hospital Militar Regional de Mérida Yuc.","Yucatán","SEDENA","YNSDN000014","100"
"Hospital Militar Regional de Tuxtla Gtz. Chis.","Chiapas","SEDENA","CSSDN000013","100"
"Hospital General Cadereyta","Nuevo León","PEMEX","NLPMX000015","100"
"Hospital Militar de Zona de Villahermosa Tab.","Tabasco","SEDENA","TCSDN000011","100"
"Hgsmf 4 Tecoman","Colima","IMSS","CMIMS000104","100"
"Hospital General de Gómez Palacio","Durango","SSA","DGSSA000676","100"
"Hospital Regional de Magdalena","Jalisco","SSA","JCSSA003496","100"
"San Luis Potosi","San Luis Potosí","ISSSTE","SPIST000113","100"
"Hospital General de Manzanillo","Colima","SSA","CMSSA001356","100"
"Tuxpan","Veracruz de Ignacio de La Llave","ISSSTE","VZIST000296","100"
"Hospital Regional de Alta Especialidad Dr.ignacio Morones Prieto","San Luis Potosí","SSA","SPSSA003482","100"
"Hospital Regional Cd. Madero","Tamaulipas","PEMEX","TSPMX000010","98"
"Hgzmf 1 San Luis Potosi","San Luis Potosí","IMSS","SPIMS000171","98"
"Fundacion Santos Y de La Garza Evia Ibp","Nuevo León","SMP","NLSMP000023","96"
"Hgzmf 1 Chetumal","Quintana Roo","IMSS","QRIMS000031","96"
"Tacuba","Ciudad de México","ISSSTE","DFIST000534","95"
"Hgr 17 Cancun","Quintana Roo","IMSS","QRIMS000142","95"
"Hospital Universitario Dr. José Eleuterio González","Nuevo León","HUN","NLHUN000014","94"
"Hgr 12 Benito Juárez","Yucatán","IMSS","YNIMS000095","94"
"Primero de Octubre","Ciudad de México","ISSSTE","DFIST000090","94"
"Hgz 8 Uruapan","Michoacán de Ocampo","IMSS","MNIMS000424","94"
"Hgr 1 Queretaro","Querétaro","IMSS","QTIMS000092","93"
"Hospital de Traumatología Y Ortopedia Doctor Y General Rafael Moreno Valle","Puebla","SSA","PLSSA009394","93"
"Hgz 71 Verac","Veracruz de Ignacio de La Llave","IMSS","VZIMS001124","91"
"Irapuato","Guanajuato","ISSSTE","GTIST000086","91"
"Hospital Regional  Poza Rica de Hidalgo","Veracruz de Ignacio de La Llave","SSA","VZSSA004744","91"
"Hospital General Dr Eduardo Vazquez N","Puebla","SSA","PLSSA002490","90"
"Hgz 2 Tulancingo","Hidalgo","IMSS","HGIMS000181","89"
"19 Villaflores","Chiapas","SSA","CSSSA009500","88"
"Gomez Palacio","Durango","ISSSTE","DGIST000054","88"
"Hospital de Tlapa","Guerrero","SSA","GRSSA008101","88"
"Hospital Regional de Coatzacoalcos Dr.valentin Gómez Farias","Veracruz de Ignacio de La Llave","SSA","VZSSA001150","88"
"Hospital General Torreón","Coahuila de Zaragoza","SSA","CLSSA002862","88"
"Hgz 50 Tangamanga","San Luis Potosí","IMSS","SPIMS000376","87"
"Hgz 30 Mexicali","Baja California","IMSS","BCIMS000122","87"
"Cd. Cancun","Quintana Roo","ISSSTE","QRIST000055","86"
"Hgz 4 Villa Guadalupe","Nuevo León","IMSS","NLIMS000204","86"
"Enfermería Militar La Boticaria Ver.","Veracruz de Ignacio de La Llave","SEDENA","VZSDN000010","86"
"Hospital General de Tampico Dr. Carlos Canseco","Tamaulipas","SSA","TSSSA005151","86"
"Hgzmf 8 San Angel","Ciudad de México","IMSS","DFIMS000464","86"
"A D. F.","Ciudad de México","SEDENA","DFSDN000074","85"
"20 de Noviembre","Ciudad de México","ISSSTE","DFIST000312","84"
"Hgz 3 Mante","Tamaulipas","IMSS","TSIMS000182","84"
"Hgr 1 Ignacio García Tellez","Yucatán","IMSS","YNIMS000083","84"
"Hg Cm La Raza","Ciudad de México","IMSS","DFIMS000061","84"
"Hospital General Virginia Ayala de Garza","Nuevo León","SSA","NLSSA003911","83"
"Hgz 1 Saltillo","Coahuila de Zaragoza","IMSS","CLIMS000321","83"
"Bicentenario de La Independencia","México","ISSSTE","MCIST000425","83"
"Hgr 251 Metepec","México","IMSS","MCIMS001185","83"
"Dr. Miguel Trejo Ochoa","Colima","ISSSTE","CMIST000010","83"
"Morelia","Michoacán de Ocampo","ISSSTE","MNIST000120","83"
"Hgz No. 20","Puebla","IMSS","PLIMS000586","82"
"Hospital General de Teziutlán","Puebla","SSA","PLSSA008485","82"
"Hgzmf 7 Monclova","Coahuila de Zaragoza","IMSS","CLIMS000111","81"
"Dra. Columba Rivera Osorio","Hidalgo","ISSSTE","HGIST000106","81"
"Hgz 11 Nuevo Laredo","Tamaulipas","IMSS","TSIMS000276","81"
"Hgz 83 Morelia","Michoacán de Ocampo","IMSS","MNIMS000593","80"
"Hospital General de Tekax","Yucatán","SSA","YNSSA013476","80"
"Dr. Fernando Quiroz Gutierrez","Ciudad de México","ISSSTE","DFIST000196","80"
"Centro Oncologico de La Región  Sureste de Coahuila","Coahuila de Zaragoza","SSA","CLSSA002932","80"
"Hospital Comunitario Manuel Doblado","Guanajuato","SSA","GTSSA017390","80"
"Hospital General de Axapusco","México","SSA","MCSSA014143","80"
"Hospital General Dr. Rubén Leñero","Ciudad de México","SSA","DFSSA003553","80"
"Dr. Francisco Galindo Chavez","Coahuila de Zaragoza","ISSSTE","CLIST000123","79"
"Hgzmf 6 S.nicolas Garza","Nuevo León","IMSS","NLIMS000525","79"
"Hgzmf 5 Tula de Hidalgo","Hidalgo","IMSS","HGIMS000164","79"
"Hgsmf 2 Cozumel","Quintana Roo","IMSS","QRIMS000014","78"
"Hospital Comunitario de San Juan de Los Lagos","Jalisco","SSA","JCSSA013045","78"
"Hgs 7 La Piedad","Michoacán de Ocampo","IMSS","MNIMS000260","78"
"Hospital General Celaya","Guanajuato","SSA","GTSSA000766","78"
"Hospital Militar Zona de Chetumal Q. Roo","Quintana Roo","SEDENA","QRSDN000015","77"
"Hgr 72 Gustavo Baz","México","IMSS","MCIMS000746","77"
"Merida","Yucatán","ISSSTE","YNIST000030","76"
"Zitacuaro","Michoacán de Ocampo","ISSSTE","MNIST000231","75"
"Concepción del Oro","Zacatecas","IMSS-BIENESTAR","ZSIMO000050","75"
"Hgzmf 35 Cosamaloapan","Veracruz de Ignacio de La Llave","IMSS","VZIMS000342","75"
"Hgz 1 Oaxaca","Oaxaca","IMSS","OCIMS000136","75"
"Hgz 23 Teziutlan","Puebla","IMSS","PLIMS000446","75"
"Hgz 36 José Cardel","Veracruz de Ignacio de La Llave","IMSS","VZIMS000144","75"
"Hg Juchitan Dr. Macedonio Benitez Fuentes","Oaxaca","SSA","OCSSA007693","75"
"Patzcuaro","Michoacán de Ocampo","ISSSTE","MNIST000144","75"
"Matehuala","San Luis Potosí","ISSSTE","SPIST000084","75"
"Dr. Jose Ma. Rodriguez","Coahuila de Zaragoza","ISSSTE","CLIST000106","74"
"Hgz 4 Zamora","Michoacán de Ocampo","IMSS","MNIMS000506","74"
"Hgzmf 29 S. Juan Aragon","Ciudad de México","IMSS","DFIMS000230","73"
"Hospital Militar Regional de Acapulco Gro.","Guerrero","SEDENA","GRSDN000014","73"
"Uruapan del Progreso","Michoacán de Ocampo","ISSSTE","MNIST000202","73"
"Hgr 6 Cd. Madero","Tamaulipas","IMSS","TSIMS000071","73"
"Aguascalientes","Aguascalientes","ISSSTE","ASIST000016","73"
"Hgzmf 1 Pachuca","Hidalgo","IMSS","HGIMS000082","72"
"Dr. Dario Fernandez Fierro","Ciudad de México","ISSSTE","DFIST000324","72"
"Hg Pochutla","Oaxaca","SSA","OCSSA003715","71"
"Hospital Comunitario Purisima del Rincon","Guanajuato","SSA","GTSSA005432","71"
"Hgsmf 26 Cabo San Lucas","Baja California Sur","IMSS","BSIMS000154","71"
"Poza Rica de Hidalgo","Veracruz de Ignacio de La Llave","ISSSTE","VZIST000226","71"
"Ricardo Flores Magon","Michoacán de Ocampo","ISSSTE","MNIST000103","71"
"Hospitaria","Nuevo León","SMP","NLSMP001271","71"
"Hgz 4 Guaymas","Sonora","IMSS","SRIMS000314","71"
"Hr_issste","Puebla","ISSSTE","PLIST000101","70"
"Hospital General Pénjamo","Guanajuato","SSA","GTSSA002760","70"
"Hgz 17 Monterrey","Nuevo León","IMSS","NLIMS000356","70"
"Hgz 67 Apodaca","Nuevo León","IMSS","NLIMS000636","70"
"Hospital General de Subzona No. 12","Sonora","IMSS","SRIMS000915","70"
"Hgsmf 2 Cd.constitucion","Baja California Sur","IMSS","BSIMS000014","70"
"Swiss Hospital S.a.p.i. de C.v.","Nuevo León","SMP","NLSMP001355","69"
"Hospital General Tehuacan","Puebla","SSA","PLSSA003663","69"
"Hospital Civil Dr. Antonio González Guevara","Nayarit","SSA","NTSSA001594","69"
"Hgz 13 Matamoros","Tamaulipas","IMSS","TSIMS000211","68"
"Hospital General Tuxpan Dr. Emilio Alcazar","Veracruz de Ignacio de La Llave","SSA","VZSSA006815","68"
"Hgzmf 2 San Luis Potosi","San Luis Potosí","IMSS","SPIMS000183","68"
"Centro Médico Lic. Adolfo López Mateos","México","SSA","MCSSA010222","68"
"Chilpancingo de Los Bravo","Guerrero","ISSSTE","GRIST000112","67"
"Hc Santa Maria Huatulco","Oaxaca","SSA","OCSSA021133","67"
"Hospital Regional de Alta Especialidad de Oaxaca","Oaxaca","SSA/CC","OCSSA007483","67"
"Hgzmf 4 Iguala","Guerrero","IMSS","GRIMS000112","67"
"Zimapan","Hidalgo","ISSSTE","HGIST000362","67"
"Hospital Militar Regional de La Paz B. C. S.","Baja California Sur","SEDENA","BSSDN000015","67"
"La Paz","Baja California Sur","ISSSTE","BSIST000330","67"
"Acanceh","Yucatán","IMSS-BIENESTAR","YNIMO000031","67"
"San Salvador El Seco","Puebla","IMSS-BIENESTAR","PLIMO002004","67"
"San Jose del Cabo","Baja California Sur","ISSSTE","BSIST000101","67"
"Hospital General de Mexicali","Baja California","SSA","BCSSA000440","66"
"Hgzmf 2 Saltillo","Coahuila de Zaragoza","IMSS","CLIMS000333","66"
"Hospital General Dr. Manuel Gea González","Ciudad de México","SSA/CC","DFSSA003961","65"
"Hospital Regional de Puerto Vallarta","Jalisco","SSA","JCSSA004230","65"
"Hospital Central Militar","Ciudad de México","SEDENA","DFSDN000086","65"
"Hgsmf 30 Guamuchil","Sinaloa","IMSS","SLIMS000411","64"
"Hgz 5 Metepec","Puebla","IMSS","PLIMS000043","64"
"Hgzmf 3 Salamanca","Guanajuato","IMSS","GTIMS000330","64"
"Hgz 27 Tlatelolco","Ciudad de México","IMSS","DFIMS000621","64"
"Hgz 42 Pto. Vallarta","Jalisco","IMSS","JCIMS000692","63"
"Hes 1 Merida","Yucatán","IMSS","YNIMS000071","63"
"Hgz 18 Playa del Carmen","Quintana Roo","IMSS","QRIMS000154","63"
"Hospital General de Cabo San Lucas","Baja California Sur","SSA","BSSSA001131","63"
"Unidad Médica Regional de Atención A La Gestación Y Al Neonato","Hidalgo","SSA","HGSSA005003","62"
"Hospital Tierra Y Libertad","Nuevo León","SSA","NLSSA005002","62"
"Christus Muguerza Monterrey S. A. de C. V.","Nuevo León","SMP","NLSMP000052","62"
"Clínica A. I. R. Médica 2000 S.a. de C.v","Tabasco","SMP","TCSMP002315","62"
"Hospital General San Carlos","Yucatán","SSA","YNSSA001224","62"
"Hgr 1 Charo","Michoacán de Ocampo","IMSS","MNIMS000605","62"
"Hgz 11 Piedras Negras","Coahuila de Zaragoza","IMSS","CLIMS000251","62"
"Hospital Integral de Puerto Peñasco","Sonora","SSA","SRSSA017666","62"
"Hospital de La Mujer","Sinaloa","SSA","SLSSA017606","62"
"Hgzmf 16 Torreon","Coahuila de Zaragoza","IMSS","CLIMS000432","62"
"Hgzmf 3 Mazatlan","Sinaloa","IMSS","SLIMS000341","62"
"Hes Oblatos","Jalisco","IMSS","JCIMS000301","61"
"Hospital General Dr. Norberto Treviño Zapata","Tamaulipas","SSA","TSSSA002810","61"
"San Quintín","Baja California","IMSS-BIENESTAR","BCIMO000070","60"
"Hospital Regional Atlacomulco Issemym","México","SME","MCSME000781","60"
"Uneme de Urgencias Zacatecas","Zacatecas","SSA","ZSSSA013172","60"
"Dr. Manuel Cardenas de La Vega","Sinaloa","ISSSTE","SLIST000085","60"
"Hospital General Atlacomulco","México","SSA","MCSSA010123","60"
"Hg Adolfo Prieto","Guerrero","SSA","GRSSA012535","60"
"Hgzmf 6 Tepeji del Rio","Hidalgo","IMSS","HGIMS000123","60"
"Hospital General San Miguel Allende¨ Felipe G. Dobarganes¨","Guanajuato","SSA","GTSSA000310","60"
"Presidente Gral. Lazaro Cardenas","Chihuahua","ISSSTE","CHIST000030","60"
"Hgzmf 18 Torreon","Coahuila de Zaragoza","IMSS","CLIMS000444","59"
"Hospital General Miguel Hidalgo Y Costilla Bicentenario","México","SSA","MCSSA005730","59"
"Hgz 3 S. Juan del Rio","Querétaro","IMSS","QTIMS000186","58"
"Hes Puebla","Puebla","IMSS","PLIMS000200","58"
"Hospital General de Soledad de Graciano Sánchez","San Luis Potosí","SSA","SPSSA017313","58"
"Hospital General de Huejotzingo","Puebla","SSA","PLSSA009001","58"
"Hospital Dr. Julian A. Manzur Ocaña","Tabasco","SME","TCSME000011","58"
"Hgzmf 2 Irapuato","Guanajuato","IMSS","GTIMS000185","58"
"H.g. Tenancingo","México","SSA","MCSSA006430","58"
"Yuc","Yucatán","IMSS-BIENESTAR","YNIMO000311","57"
"Hospital General Veracruz","Veracruz de Ignacio de La Llave","PEMEX","VZPMX000071","57"
"Hospital General Regional No. 58","Guanajuato","IMSS","GTIMS000564","57"
"Hospital Regional de Alta Especialidad del Bajío","Guanajuato","SSA/CC","GTSSA016796","57"
"Hgsmf 41 Huatulco","Oaxaca","IMSS","OCIMS000281","57"
"Hospital Central Norte","Ciudad de México","PEMEX","DFPMX000012","56"
"Charcas","San Luis Potosí","IMSS-BIENESTAR","SPIMO000546","56"
"Hospital General de Reforma","Chiapas","SSA","CSSSA009186","55"
"Hospital General de Saltillo","Coahuila de Zaragoza","SSA","CLSSA002734","55"
"Hospital General de Zona No. 10","Colima","IMSS","CMIMS000133","55"
"Hgzmf 1 Cd. Víctoria","Tamaulipas","IMSS","TSIMS000380","55"
"Hospital General Regional No. 200","México","IMSS","MCIMS001171","55"
"Hgz 14 C/unidad Quemados","Sonora","IMSS","SRIMS000900","55"
"Zacatipan","San Luis Potosí","IMSS-BIENESTAR","SPIMO001461","55"
"Hgzmf 1 Durango","Durango","IMSS","DGIMS000042","55"
"19 Tuxtla","Chiapas","SSA","CSSSA009471","55"
"Axtla de Terrazas","San Luis Potosí","IMSS-BIENESTAR","SPIMO002475","55"
"Hospital Estatal Movil Leon Guanajuato","Guanajuato","SSA","GTSSA005753","55"
"Hgz 53 Los Reyes Paz","México","IMSS","MCIMS000676","54"
"Hgzmf 8 Ensenada","Baja California","IMSS","BCIMS000011","54"
"Hospital Militar Regional de Chihuahua Chih.","Chihuahua","SEDENA","CHSDN000026","53"
"Los Mochis","Sinaloa","ISSSTE","SLIST000015","53"
"Hospital General del Valle del Mezquital Ixmiquilpan","Hidalgo","SSA","HGSSA001590","53"
"Hgz 8 Caborca","Sonora","IMSS","SRIMS000116","53"
"Hospital General 450","Durango","SSA","DGSSA017872","52"
"Monterrey","Nuevo León","ISSSTE","NLIST000105","52"
"Hgz 6 Cd. Valles","San Luis Potosí","IMSS","SPIMS000072","52"
"Hospital Regional Poza Rica","Veracruz de Ignacio de La Llave","PEMEX","VZPMX000066","52"
"Hgz 197 Texcoco","México","IMSS","MCIMS000961","51"
"Unidad Móvil Temporal Covid","Ciudad de México","IMSS","DFIMS001065","51"
"Hgz No. 48 San Pedro Xalpa","Ciudad de México","IMSS","DFIMS000831","50"
"Hgz 46 Dr. B Reynés B","Tabasco","IMSS","TCIMS000121","50"
"Ocosingo","Chiapas","ISSSTE","CSIST000140","50"
"Hospital Chiapas Nos Une Dr. Jesus Gilberto Gomez Maza","Chiapas","SSA","CSSSA019954","50"
"Hc Santos Reyes Nopala","Oaxaca","SSA","OCSSA020445","50"
"Matehuala","San Luis Potosí","IMSS-BIENESTAR","SPIMO000732","50"
"Hospital General Ixtlahuaca Valentin Gómez Farías","México","SSA","MCSSA002872","50"
"Hospital Especializado de 30 Camas de Juchitan","Oaxaca","SSA","OCSSA007915","50"
"Hgr 45 Guadalajara","Jalisco","IMSS","JCIMS000366","50"
"Hc Tuzantla","Michoacán de Ocampo","SSA","MNSSA016504","50"
"Rioverde","San Luis Potosí","ISSSTE","SPIST000096","50"
"Hospital General Rosamorada","Nayarit","SSA","NTSSA000800","50"
"Hospital Integral Jacala","Hidalgo","SSA","HGSSA001795","50"
"Hospital General Villa","Ciudad de México","SSA","DFSSA000881","50"
"Hg Dr. Javier Ramírez Topete","Chihuahua","SSA","CHSSA000570","50"
"Hospital General Salamanca","Guanajuato","SSA","GTSSA003233","50"
"Christus Muguerza Hospiales S.a. de C.v. / Sucursal Conchita","Nuevo León","SMP","NLSMP000064","50"
"Doctors Hospital","Nuevo León","SMP","NLSMP001085","50"
"Dr. Roberto Nettel F.","Chiapas","ISSSTE","CSIST000210","50"
"Hospital Integral de Bacalar","Quintana Roo","SSA","QRSSA000460","50"
"Hgz 1 Carlos Mcgregor","Ciudad de México","IMSS","DFIMS000534","50"
"Hospital Comunitario de Tenosique","Tabasco","SSA","TCSSA004716","50"
"Puerto Vallarta","Jalisco","ISSSTE","JCIST000086","50"
"Dr. Santiago Ramon Y Cajal","Durango","ISSSTE","DGIST000042","50"
"Hospital de Especialidades de La Ciudad de Mexico Dr. Belisario Domínguez","Ciudad de México","SSA","DFSSA004265","49"
"Hospital Regional Río Blanco","Veracruz de Ignacio de La Llave","SSA","VZSSA004860","49"
"Lic. Adolfo Lopez Mateos","Ciudad de México","ISSSTE","DFIST000201","49"
"Hospital Regional de Ciudad Guzman","Jalisco","SSA","JCSSA001326","49"
"Hospital General de Ensenada","Baja California","SSA","BCSSA000015","49"
"Hospital Santa Cecilia de Monterrey","Nuevo León","SMP","NLSMP000740","49"
"Hospital Naval de Veracruz","Veracruz de Ignacio de La Llave","SEMAR","VZSMA000040","49"
"Hospital Regional de Alta Especialidad Dr. Juan Graham Casasus","Tabasco","SSA","TCSSA001064","48"
"Hgz 2 Cardenas","Tabasco","IMSS","TCIMS000022","48"
"H.g. Dr. Nicolás San Juan","México","SSA","MCSSA007661","48"
"Hospital General de Cholula","Puebla","SSA","PLSSA008425","47"
"Hospital Comunitario Apaseo El Alto","Guanajuato","SSA","GTSSA017402","47"
"Hgz 8 Cordoba","Veracruz de Ignacio de La Llave","IMSS","VZIMS000296","47"
"Hgz 24 Poza Rica","Veracruz de Ignacio de La Llave","IMSS","VZIMS000832","47"
"Hg Dr. Miguel Silva","Michoacán de Ocampo","SSA","MNSSA001891","47"
"Hospital General Dr. Desiderio G. Rosado Carbajal","Tabasco","SSA","TCSSA017420","47"
"Hospital General de Apan","Hidalgo","SSA","HGSSA015515","47"
"Hgzmf 8 Cd. Sahagun","Hidalgo","IMSS","HGIMS000111","46"
"Hgzmf 24 Nueva Rosita","Coahuila de Zaragoza","IMSS","CLIMS000391","46"
"Hgz 58 Las Margaritas","México","IMSS","MCIMS000734","46"
"Hgz 1 Aguascalientes","Aguascalientes","IMSS","ASIMS000021","46"
"Hgsmf 3 Chilpancingo","Guerrero","IMSS","GRIMS000100","46"
"Hgz 49 Los Mochis","Sinaloa","IMSS","SLIMS000020","46"
"Centenario de La Revolucion Mexicana","Morelos","ISSSTE","MSIST000293","46"
"Hosp. Gral. Renacimiento","Guerrero","SSA","GRSSA000034","46"
"Hgzmf 10 S. Ixcuintla","Nayarit","IMSS","NTIMS000144","46"
"Hospital Regional de Delicias","Chihuahua","SSA","CHSSA001026","45"
"Hospital General Santiago Ixcuintla","Nayarit","SSA","NTSSA002166","45"
"Hospital General de Chalco","México","SSA","MCSSA001682","45"
"Hospital Militar Regional de Torreón Coah.","Coahuila de Zaragoza","SEDENA","CLSDN000013","45"
"Hecelchakán","Campeche","IMSS-BIENESTAR","CCIMO000232","45"
"Hospital General del Estado Dr. Ernesto Ramos Bours","Sonora","SSA","SRSSA001110","45"
"Hospital General de Juarez","Nuevo León","SSA","NLSSA004985","45"
"Hospital Militar de Zona Cuernavaca Mor.","Morelos","SEDENA","MSSDN000014","45"
"Hospital General Los Mochis","Sinaloa","SSA","SLSSA000024","45"
"Hospital General de Zona No. 5","Sonora","IMSS","SRIMS000920","45"
"Christus Muguerza S.a. de C.v. /  Sucursal Sur","Nuevo León","SMP","NLSMP000105","45"
"Coscomatepec de Bravo","Veracruz de Ignacio de La Llave","IMSS-BIENESTAR","VZIMO000862","44"
"Hospital General de Tacambaro Maria Zendejas","Michoacán de Ocampo","SSA","MNSSA002965","44"
"Centro Banamex","Ciudad de México","SSA","DFSSA004970","44"
"Hgzmf 2 Zacapu","Michoacán de Ocampo","IMSS","MNIMS000494","44"
"Hospital General San Felipe del Progreso","México","SSA","MCSSA005095","44"
"Hospital Militar de Zona de Mexicali B. C.","Baja California","SEDENA","BCSDN000012","44"
"Hg Los Reyes","Michoacán de Ocampo","SSA","MNSSA016521","44"
"Hospital General Dolores Hidalgo ¨ Cuna de La Independencia Nacional¨","Guanajuato","SSA","GTSSA001290","44"
"Hgz 11 Jalapa","Veracruz de Ignacio de La Llave","IMSS","VZIMS000564","44"
"Zacatipan","Puebla","IMSS-BIENESTAR","PLIMO000551","44"
"Hgzmf 5 Zacatepec","Morelos","IMSS","MSIMS000235","44"
"San Juanito","Chihuahua","IMSS-BIENESTAR","CHIMO000224","44"
"Hospital Comunitario de Tulum","Quintana Roo","SSA","QRSSA001860","44"
"Hgr Orizaba","Veracruz de Ignacio de La Llave","IMSS","VZIMS000733","43"
"Hgr 196 Fidel Velazquez","México","IMSS","MCIMS000244","43"
"4/o. Batallón de Ingenieros de Combate","Jalisco","SEDENA","JCSDN000186","43"
"Hospital General Zacatecas Luz González Cosio","Zacatecas","SSA","ZSSSA013143","43"
"Hospital General Cd. Valles","San Luis Potosí","SSA","SPSSA000356","43"
"Hes 71 Torreon","Coahuila de Zaragoza","IMSS","CLIMS000490","43"
"Guachochi","Chihuahua","IMSS-BIENESTAR","CHIMO000516","43"
"Hgs 5 Guerrero Negro","Baja California Sur","IMSS","BSIMS000072","43"
"Hospital Regional Villahermosa","Tabasco","PEMEX","TCPMX000014","43"
"Coatzacoalcos","Veracruz de Ignacio de La Llave","ISSSTE","VZIST000062","43"
"Hgr 1 Tijuana","Baja California","IMSS","BCIMS000373","43"
"Hgs 33 Tizayuca","Hidalgo","IMSS","HGIMS000135","42"
"Hospital General de Zona No.252","México","IMSS","MCIMS001200","42"
"Hospital Regional de Alta Especialidad Ixtapaluca","México","SSA/CC","MCSSA018786","42"
"Teziutlan","Puebla","ISSSTE","PLIST000171","42"
"Hospital General de Guamuchil","Sinaloa","SSA","SLSSA018113","42"
"Hospital General Tula","Hidalgo","SSA","HGSSA015532","42"
"Hgz 3 Cancun","Quintana Roo","IMSS","QRIMS000060","42"
"Tlaltenango de Sánchez Román","Zacatecas","IMSS-BIENESTAR","ZSIMO001182","42"
"Hgr 110 Oblatos","Jalisco","IMSS","JCIMS000354","42"
"Hgs 13 Cd. Acuña","Coahuila de Zaragoza","IMSS","CLIMS000012","41"
"Instituto Nacional de Pediatría","Ciudad de México","SSA/CC","DFSSA004014","41"
"H.g. José Vicente Villada","México","SSA","MCSSA001636","41"
"H.g. Texcoco Guadalupe Victoria Bicentenario","México","SSA","MCSSA018412","41"
"Tlaxcala","Tlaxcala","ISSSTE","TLIST000042","41"
"Hgr 1 Culiacán","Sinaloa","IMSS","SLIMS000131","41"
"Hgz 15 Tehuacan","Puebla","IMSS","PLIMS000405","41"
"Hg La Piedad","Michoacán de Ocampo","SSA","MNSSA016533","41"
"Hospital General de Zona No. 1","Colima","IMSS","CMIMS000186","40"
"Came Velodromo de Xalapa","Veracruz de Ignacio de La Llave","SSA","VZSSA008326","40"
"Hospital General de Nativitas","Tlaxcala","SSA","TLSSA017925","40"
"Hospital General Irapuato","Guanajuato","SSA","GTSSA001652","40"
"Hospital General de Tulancingo","Hidalgo","SSA","HGSSA018000","40"
"Hospital Regional de Alta Especialidad Dr. Gustavo A. Rovirosa Pérez","Tabasco","SSA","TCSSA001052","40"
"Hospital Regional Valle de Chalco Solidaridad Issemym","México","SME","MCSME000776","40"
"Hospital General Patzcuaro","Michoacán de Ocampo","SSA","MNSSA005280","40"
"22/o. Batallón de   Infantería","Ciudad de México","SEDENA","DFSDN000103","40"
"Hospital General Acambaro Miguel Hidalgo","Guanajuato","SSA","GTSSA017414","40"
"Hgzmf 32 Guasave","Sinaloa","IMSS","SLIMS000271","40"
"Hospital Covid Fresnillo","Zacatecas","SSA","ZSSSA002322","40"
"Hospital General Tláhuac","Ciudad de México","SSA","DFSSA018154","40"
"Hg Zitacuaro","Michoacán de Ocampo","SSA","MNSSA004044","40"
"Hospital General de Ríoverde","San Luis Potosí","SSA","SPSSA000945","40"
"Hgzmf 76 Xalostoc","México","IMSS","MCIMS000232","40"
"Hospital General Felipe Carrillo Puerto","Quintana Roo","SSA","QRSSA000023","40"
"Hospital Para El Niño Imiem","México","SME","MCSME000011","40"
"Oxkutzcab","Yucatán","IMSS-BIENESTAR","YNIMO000446","40"
"6/o. Regimiento Bilndado de Recnocimiento","Puebla","SEDENA","PLSDN000155","39"
"Centro Médico Naval","Ciudad de México","SEMAR","DFSMA000010","39"
"Hospital General Piedras Negras  Dr Salvador Chavarria Sanchez.","Coahuila de Zaragoza","SSA","CLSSA002763","39"
"H.g. Dr.salvador González Herrejon","México","SSA","MCSSA001011","39"
"Paracho de Verduzco","Michoacán de Ocampo","IMSS-BIENESTAR","MNIMO001796","38"
"Hg Tuxtepec","Oaxaca","SSA","OCSSA002146","38"
"Hg de Cuernavaca Dr. Jose G. Parres","Morelos","SSA","MSSSA000466","38"
"Hgz 1 Zacatecas","Zacatecas","IMSS","ZSIMS000353","38"
"Hgr 46 Guadalaja","Jalisco","IMSS","JCIMS000371","38"
"Hospital General de Cozumel","Quintana Roo","SSA","QRSSA000011","38"
"Hospital Militar Regional de Tuxpan Ver.","Veracruz de Ignacio de La Llave","SEDENA","VZSDN000022","38"
"Hgzmf 50 Lerdo Tejada","Veracruz de Ignacio de La Llave","IMSS","VZIMS000634","38"
"Tuxtla (u.n.e.m.e. Cirugía Ambulatoria Y Torre de Diagnóstico)","Chiapas","SSA","CSSSA019534","38"
"Hospital General Dr. Raymundo Abarca Alarcón","Guerrero","SSA","GRSSA009950","37"
"Centro de Rehabilitación e Inclusión Infantil Teletón Ciudad de México","Ciudad de México","SMP","DFSMP006124","37"
"Hospital General Salvatierra","Guanajuato","SSA","GTSSA006495","36"
"Agosto 12","Tamaulipas","ISSSTE","TSIST000095","36"
"Hgr 270 Reynosa","Tamaulipas","IMSS","TSIMS000533","36"
"Hgzmf 16 C. Cuauhtémoc","Chihuahua","IMSS","CHIMS000095","36"
"Hospital General de San Pablo del Monte","Tlaxcala","SSA","TLSSA001883","36"
"8/o. Regimiento Mecanizado","México","SEDENA","MCSDN000414","36"
"Toluca","México","ISSSTE","MCIST000215","36"
"Hospital General de  Boca del Rio","Veracruz de Ignacio de La Llave","SSA","VZSSA010212","36"
"Hg Hospital General Altamira Dr Rodolfo Torre Cantú","Tamaulipas","SSA","TSSSA018514","36"
"Hgz 2 Aguascalientes","Aguascalientes","IMSS","ASIMS000016","36"
"Hospital General Queretaro","Querétaro","SSA","QTSSA001752","36"
"Celaya","Guanajuato","ISSSTE","GTIST000045","36"
"Hospital Regional de Ameca","Jalisco","SSA","JCSSA000165","36"
"B. Hospital General Con Especialidades Juan María de Salvatierra","Baja California Sur","SSA","BSSSA001213","36"
"Dr. Jorge Soberon Acevedo","Guerrero","SSA","GRSSA004490","35"
"Gral. Ignacio Zaragoza","Ciudad de México","ISSSTE","DFIST000160","35"
"45/o. Batallón de Infantería","Veracruz de Ignacio de La Llave","SEDENA","VZSDN000186","35"
"19 (extensión Hospital Actopan)","Hidalgo","SSA","HGSSA005056","35"
"Hgr 1 Chihuahua","Chihuahua","IMSS","CHIMS000136","35"
"Hgzmf 1 Campeche","Campeche","IMSS","CCIMS000016","35"
"Instituto Nacional de Cardiología Ignacio Chávez","Ciudad de México","SSA/CC","DFSSA004031","35"
"19 En Valladolid","Yucatán","SSA","YNSSA001871","34"
"Hgz 1a Venados","Ciudad de México","IMSS","DFIMS000522","34"
"Hgz 4 Celaya","Guanajuato","IMSS","GTIMS000062","34"
"Zacapu","Michoacán de Ocampo","ISSSTE","MNIST000214","33"
"Benemérito de Las Américas","Chiapas","IMSS-BIENESTAR","CSIMO002924","33"
"Hospital General Regional No. 2 El Marques","Querétaro","IMSS","QTIMS000285","33"
"Nueva Rosita","Coahuila de Zaragoza","ISSSTE","CLIST000193","33"
"Manzanillo","Colima","ISSSTE","CMIST000022","33"
"Huautla de Jiménez","Oaxaca","IMSS-BIENESTAR","OCIMO000352","33"
"Hospital Nuevo Gomez Palacio","Durango","SSA","DGSSA002414","33"
"Hg Pinotepa Pedro Espinoza Rueda","Oaxaca","SSA","OCSSA005383","33"
"Hospital Regional de Alta Especialidad del Niño Dr. Rodolfo Nieto Padrón","Tabasco","SSA","TCSSA001040","33"
"Hospital Regional  Yahualica","Jalisco","SSA","JCSSA006890","33"
"Hospital General Actopan","Hidalgo","SSA","HGSSA000156","33"
"Maxcanú","Yucatán","IMSS-BIENESTAR","YNIMO000376","33"
"Hospital Rural de Oportunidades No. 34","Oaxaca","IMSS-BIENESTAR","OCIMO003304","33"
"Papantla de Olarte","Veracruz de Ignacio de La Llave","IMSS-BIENESTAR","VZIMO002875","33"
"Zacualtipán","Hidalgo","IMSS-BIENESTAR","HGIMO002043","33"
"Hospital General San Francisco","Nayarit","SSA","NTSSA002084","33"
"19 (extensión Hospital Pachuca)","Hidalgo","SSA","HGSSA005020","33"
"Instituto Nacional de Cancerología","Ciudad de México","SSA/CC","DFSSA004043","33"
"Hospital Comunitario Romita","Guanajuato","SSA","GTSSA003151","33"
"Hi Cheran","Michoacán de Ocampo","SSA","MNSSA000836","33"
"Cd. Guzman","Jalisco","ISSSTE","JCIST000045","33"
"Hospital Comunitario Jaral del Progreso","Guanajuato","SSA","GTSSA017426","33"
"Hospital de Sabancuy","Campeche","SSA","CCSSA001734","33"
"Hc Teotitlán de Flores Magón","Oaxaca","SSA","OCSSA021080","33"
"Hospital General Pachuca","Hidalgo","SSA","HGSSA002430","32"
"H.g. Dr. Maximiliano Ruíz Castañeda","México","SSA","MCSSA004074","32"
"Hgr 2 Villa Coapa","Ciudad de México","IMSS","DFIMS000814","32"
"Hgzmf 4 Cd. Carmen","Campeche","IMSS","CCIMS000045","32"
"Hgz 98 Coacalco","México","IMSS","MCIMS000080","32"
"19 No. 14","Nayarit","SEDENA","NTSDN000034","32"
"Hospital General de Izucar de Matamoros","Puebla","SSA","PLSSA016806","32"
"Hospital General Lázaro Cárdenas","Michoacán de Ocampo","SSA","MNSSA001722","32"
"Hgzmf 21 Leon","Guanajuato","IMSS","GTIMS000243","32"
"Hes 2 Cm Obregon","Sonora","IMSS","SRIMS000150","32"
"19 Tapachula","Chiapas","SME","CSSME000100","31"
"Hgz 51 Chapala","Durango","IMSS","DGIMS000095","31"
"Hospital General Tijuana","Baja California","SSA","BCSSA000913","31"
"Hgzmf 1 La Paz","Baja California Sur","IMSS","BSIMS000113","31"
"Hgz 71 Chalco","México","IMSS","MCIMS000145","31"
"San Jose del Rincon","México","IMSS-BIENESTAR","MCIMO000093","31"
"Hospital Comunitario Las Joyas","Guanajuato","SSA","GTSSA005613","31"
"Hospital Comunitario Abasolo","Guanajuato","SSA","GTSSA017344","31"
"Huetamo de Núñez","Michoacán de Ocampo","IMSS-BIENESTAR","MNIMO001125","31"
"Hospital General Ixtapan de La Sal","México","SSA","MCSSA010251","30"
"Cessa Maximiliano Dorantes","Tabasco","SSA","TCSSA001245","30"
"28/o. Batallón de Infantería","Baja California","SEDENA","BCSDN000053","30"
"Centenario Hospital Miguel Hidalgo","Aguascalientes","SSA","ASSSA000025","30"
"Hospital Comunitario de Magdalena","Sonora","SSA","SRSSA006290","30"
"Hgzmf 9 Cd. Guzman","Jalisco","IMSS","JCIMS000190","30"
"Sanatorio Naval de Pto. Vallarta","Jalisco","SEMAR","JCSMA000011","30"
"19","Guanajuato","SSA","GTSSA002101","30"
"Hgz 33 Felix U. Gomez","Nuevo León","IMSS","NLIMS000361","30"
"Hospital General Tecamachalco","Puebla","SSA","PLSSA016893","30"
"Chicontepec de Tejeda","Veracruz de Ignacio de La Llave","IMSS-BIENESTAR","VZIMO001055","30"
"Hospital General de Acatlán de Osorio","Puebla","SSA","PLSSA008572","30"
"Hgz 32 Villa Coapa","Ciudad de México","IMSS","DFIMS000126","30"
"Hes Cmn Siglo Xxi","Ciudad de México","IMSS","DFIMS000580","29"
"Hospital General Zacapu","Michoacán de Ocampo","SSA","MNSSA005275","29"
"Hgz 1 Tlaxcala","Tlaxcala","IMSS","TLIMS000136","29"
"Tuxtepec","Oaxaca","ISSSTE","OCIST000165","29"
"Hospital Basico Comunitario de Xilitla","San Luis Potosí","SSA","SPSSA017144","29"
"Hospital General de Atlixco Gonzalo Río Arronte","Puebla","SSA","PLSSA009292","29"
"Hgz 21 Tepatitlan","Jalisco","IMSS","JCIMS000914","29"
"Hospital Regional de Alta Especialidad de La Mujer","Tabasco","SSA","TCSSA001076","29"
"Hgz 46 Gomez Palacio","Durango","IMSS","DGIMS000083","28"
"Hospital Regional Salamanca","Guanajuato","PEMEX","GTPMX000013","28"
"Hg Zamora","Michoacán de Ocampo","SSA","MNSSA003945","28"
"Hes 14 Cmn Verac","Veracruz de Ignacio de La Llave","IMSS","VZIMS001112","28"
"Hospital General de Mazatlán","Sinaloa","SSA","SLSSA002585","28"
"Hospital Regional Reynosa","Tamaulipas","PEMEX","TSPMX000022","27"
"Hospital Comunitario Sayula","Jalisco","SSA","JCSSA004930","27"
"Acapulco","Guerrero","ISSSTE","GRIST000025","27"
"Hgzmf 8 Zihuatanejo","Guerrero","IMSS","GRIMS000124","27"
"52/o. Batallón de Infantería","Zacatecas","SEDENA","ZSSDN000050","27"
"Valle de Ignacio Allende","Chihuahua","IMSS-BIENESTAR","CHIMO000043","27"
"Dr. Rafael Barba Ocampo","Morelos","ISSSTE","MSIST000025","27"
"19 Pichucalco","Chiapas","SSA","CSSSA009466","27"
"Hospital General Culiacán","Sinaloa","SSA","SLSSA000666","27"
"Cd. Juarez","Chihuahua","ISSSTE","CHIST000112","27"
"Hospital  Naval de Lazaro Cardenas","Michoacán de Ocampo","SEMAR","MNSMA000011","27"
"Hg Sahuayo","Michoacán de Ocampo","SSA","MNSSA002813","27"
"Dr. Fernando Ocaranza","Sonora","ISSSTE","SRIST000133","26"
"Valentin Gomez Farias","Jalisco","ISSSTE","JCIST000132","26"
"Hospital General Iztapalapa","Ciudad de México","SSA","DFSSA001540","26"
"Zacatecas","Zacatecas","ISSSTE","ZSIST000160","26"
"Hgr 1 V. Guerrero","Guerrero","IMSS","GRIMS000013","26"
"Hped Cmn Siglo Xxi","Ciudad de México","IMSS","DFIMS000616","26"
"Hospital Materno Infantil de Coatzacoalcos","Veracruz de Ignacio de La Llave","SSA","VZSSA008290","25"
"Presidente Benito Juarez","Oaxaca","ISSSTE","OCIST000112","25"
"Hospital Comunitario San Felipe","Guanajuato","SSA","GTSSA003600","25"
"La Union","Guerrero","IMSS-BIENESTAR","GRIMO000171","25"
"Chiautla de Tapia","Puebla","IMSS-BIENESTAR","PLIMO000633","25"
"Cerritos","San Luis Potosí","IMSS-BIENESTAR","SPIMO000283","25"
"Hospital General Guanajuato ´´dr. Valentín Gracia´´","Guanajuato","SSA","GTSSA001454","25"
"San Cayetano","Nayarit","IMSS-BIENESTAR","NTIMO000705","25"
"Hospital Regional Valle de Bravo Nicolás Bravo Bicentenario Issemym","México","SME","MCSME001114","25"
"Troncoso","Ciudad de México","IMSS","DFIMS000312","25"
"Hc Río Grande","Oaxaca","SSA","OCSSA020684","25"
"Hgz 7 Lagos de Moreno","Jalisco","IMSS","JCIMS001264","25"
"Hgz 15 Cd. Reynosa","Tamaulipas","IMSS","TSIMS000310","25"
"Ixmiquilpan","Hidalgo","IMSS-BIENESTAR","HGIMO000771","25"
"29/o Batallón de Infantería","Colima","SEDENA","CMSDN000040","25"
"Hg Hospital General Nuevo Laredo","Tamaulipas","SSA","TSSSA001550","25"
"Hospital Regional Tenancingo Issemym","México","SME","MCSME000752","25"
"Dr. Daniel Gurria Urgell","Tabasco","ISSSTE","TCIST000063","25"
"Hgz 24 Insurgentes","Ciudad de México","IMSS","DFIMS000225","25"
"Hgz 57 La Quebrada","México","IMSS","MCIMS000874","25"
"Hospital General Silao","Guanajuato","SSA","GTSSA017023","24"
"H.g. Jilotepec","México","SSA","MCSSA010053","24"
"Hospital General de San Luis Río Colorado","Sonora","SSA","SRSSA002085","24"
"Hospital General Las Américas","México","SSA","MCSSA010280","24"
"Hospital General Chilapa de Álvarez Pzc","Guerrero","SSA","GRSSA010510","24"
"Hes 1 Leon","Guanajuato","IMSS","GTIMS000226","24"
"Hospital Comunitario El Grullo","Jalisco","SSA","JCSSA002113","24"
"Hospital Militar de Zona de El Vergel Iztapalapa","Ciudad de México","SEDENA","DFSDN000016","24"
"H.g. Valle de Bravo","México","SSA","MCSSA007982","23"
"Hgz 68 Tulpetlac","México","IMSS","MCIMS000990","23"
"Hgrmf 1 Cuernavaca","Morelos","IMSS","MSIMS000054","23"
"Tula","Tamaulipas","IMSS-BIENESTAR","TSIMO000871","23"
"Amanalco","México","IMSS-BIENESTAR","MCIMO000105","23"
"Hgz 47 Vicente Guerrero","Ciudad de México","IMSS","DFIMS000365","23"
"Hospital General Culiacan","Sinaloa","SSA","SLSSA002660","22"
"Hinfec Cm La Raza","Ciudad de México","IMSS","DFIMS000056","22"
"Hospital Regional Minatitlán","Veracruz de Ignacio de La Llave","PEMEX","VZPMX000054","22"
"Hospital General Salina Cruz","Oaxaca","PEMEX","OCPMX000010","22"
"Hospital General Puruandiro","Michoacán de Ocampo","SSA","MNSSA016480","22"
"Hg  Juárez","Chihuahua","SSA","CHSSA001801","22"
"Huejutla de Reyes","Hidalgo","IMSS-BIENESTAR","HGIMO000643","22"
"H.g. Ma. Socorro Quiroga Aguilar","Campeche","SSA","CCSSA000363","22"
"Hospital Militar de Zona de Guadalupe Zac.","Zacatecas","SEDENA","ZSSDN000016","22"
"Plan de Arroyos","Veracruz de Ignacio de La Llave","IMSS-BIENESTAR","VZIMO006153","22"
"Hgz 3 Tuxtepec","Oaxaca","IMSS","OCIMS000182","22"
"Centro de Atención Covid Iguala de La Independencia","Guerrero","SMM","GRSMM000024","22"
"Soto La Marina","Tamaulipas","IMSS-BIENESTAR","TSIMO000796","22"
"Cd. Victoria","Tamaulipas","ISSSTE","TSIST000153","21"
"4/o. Regimiento Mecanizado","Aguascalientes","SEDENA","ASSDN000046","21"
"Hospital General León","Guanajuato","SSA","GTSSA005683","21"
"Hgzmf 36 Coatzacoalcos","Veracruz de Ignacio de La Llave","IMSS","VZIMS000231","21"
"Hes Cm La Raza","Ciudad de México","IMSS","DFIMS000020","21"
"HG de Axochiapan Dr. Ángel Ventura Neri","Morelos","SSA","MSSSA000080","21"
"6/o. Grupo de Moteros","Ciudad de México","SEDENA","DFSDN000120","21"
"Hgz 2 Tuxtla Gutiérrez","Chiapas","IMSS","CSIMS000251","21"
"81/o. Batallón de Infanteria","Ciudad de México","SEDENA","DFSDN000115","20"
"Cd. Constitucion","Baja California Sur","ISSSTE","BSIST000014","20"
"Hgr 66 Cd. Juárez","Chihuahua","IMSS","CHIMS000573","20"
"Servicios Integrales Nova de Monterrey S.a. de C.v.","Nuevo León","SMP","NLSMP000110","20"
"Hgr1 C.obregon","Sonora","IMSS","SRIMS000145","20"
"Hospital Movil Temporal Covid","Oaxaca","SSA","OCSSA007920","20"
"Hospital General Huauchinango","Puebla","SSA","PLSSA016543","20"
"Hospital General de Metztitlán","Hidalgo","SSA","HGSSA017941","20"
"Cessa Sanctorum","Puebla","SSA","PLSSA017065","20"
"Hospital Comunitario Jocotepec","Jalisco","SSA","JCSSA009364","20"
"Hospital de Especialidades  Pediatrico León","Guanajuato","SSA","GTSSA017525","20"
"39/o. Batallón de Infantería","Veracruz de Ignacio de La Llave","SEDENA","VZSDN000162","20"
"Hgsmf 8 Tlaxcala","Tlaxcala","IMSS","TLIMS000194","20"
"19 Palenque","Chiapas","SSA","CSSSA019510","20"
"Fray Junipero Serra","Baja California","ISSSTE","BCIST000093","20"
"8/o. Regimiento Blindado de Reconocimiento","Guanajuato","SEDENA","GTSDN000104","20"
"Dr. Belisario Dominguez","Chiapas","ISSSTE","CSIST000251","20"
"Hospital General del Bajo Rio Mayo","Sonora","SSA","SRSSA018313","20"
"Centro de Raqueta de Veracruz","Veracruz de Ignacio de La Llave","SSA","VZSSA008314","20"
"Hospital General de Valladolid","Yucatán","SSA","YNSSA013440","20"
"Clínica de La Mujer San Cristóbal de Las Casas","Chiapas","SSA","CSSSA019090","20"
"H.g. Dr. Gustavo Baz Prada","México","SSA","MCSSA004231","19"
"Hospital General Regional Dr. Guillermo Soberón Acevedo","Guerrero","SSA","GRSSA010061","19"
"Gral. Jose Maria Morelos Y Pavon","Ciudad de México","ISSSTE","DFIST000155","19"
"H.g. Dr. José María Rodríguez","México","SSA","MCSSA002184","18"
"Unidad Auxiliar Hospitalaria Zonkeys","Baja California","SSA","BCSSA001753","18"
"Hospital General Cd. Acuña","Coahuila de Zaragoza","SSA","CLSSA000033","18"
"Hospital General Xoco","Ciudad de México","SSA","DFSSA003162","18"
"Tlacolula de Matamoros","Oaxaca","IMSS-BIENESTAR","OCIMO004750","18"
"Ocozocoautla de Espinosa","Chiapas","IMSS-BIENESTAR","CSIMO003081","18"
"Hospital de Especialidades de La Mujer","Oaxaca","SSA","OCSSA007705","18"
"Hgs 54 Silao","Guanajuato","IMSS","GTIMS000506","18"
"Hospital General Guaymas","Sonora","SSA","SRSSA001011","18"
"Hospital de La Santa Cruz S.a. de C.v.","Querétaro","SMP","QTSMP000215","18"
"Hgzmf 12 Lazaro Cardenas","Michoacán de Ocampo","IMSS","MNIMS000161","18"
"Hospital Comunitario San Francisco del Rincón","Guanajuato","SSA","GTSSA003793","17"
"Hg Apatzingan","Michoacán de Ocampo","SSA","MNSSA017400","17"
"Hg Putla Amigo del Niño Y de La Madre","Oaxaca","SSA","OCSSA020655","17"
"Huejutla de Reyes","Hidalgo","ISSSTE","HGIST000041","17"
"Hospital General de Zacatlán","Puebla","SSA","PLSSA015551","17"
"50/o. Batallón de Infantería","Guerrero","SEDENA","GRSDN000183","17"
"Hgz 3 Navojoa","Sonora","IMSS","SRIMS000541","17"
"Iguala de La Independencia","Guerrero","ISSSTE","GRIST000153","17"
"Hg de Jojutla Dr. Ernesto Meana San Román","Morelos","SSA","MSSSA000961","17"
"Hospital Civil de Guadalajara Fray Antonio Alcalde","Jalisco","SSA","JCSSA002195","17"
"Hidalgo del Parral","Chihuahua","ISSSTE","CHIST000095","17"
"Isssteleón","Nuevo León","SME","NLSME000024","17"
"Centro de Rehabilitación e Inclusión Infantil Teletón BCS","Baja California Sur","SMP","BSSMP000192","17"
"Hospital General Juárez Arriaga","Chiapas","SSA","CSSSA000453","17"
"El Fuerte","Sinaloa","IMSS-BIENESTAR","SLIMO000576","17"
"Hospital Central Sur de Alta Especialidad","Ciudad de México","PEMEX","DFPMX000024","17"
"Río Grande","Zacatecas","IMSS-BIENESTAR","ZSIMO000914","17"
"Hgzmf 2 Apizaco","Tlaxcala","IMSS","TLIMS000030","17"
"Hgzmf 6 Ocotlan","Jalisco","IMSS","JCIMS000651","17"
"Hgzmf 20 Autlan Navarro","Jalisco","IMSS","JCIMS000103","17"
"Hospital General San José Iturbide","Guanajuato","SSA","GTSSA016912","17"
"Hospital Integral de Calkiní","Campeche","SSA","CCSSA017403","17"
"Hies de Chihuahua","Chihuahua","SSA","CHSSA018514","16"
"19 (extensión Hospital Huejutla)","Hidalgo","SSA","HGSSA005032","16"
"Hospital General de Playa del Carmen","Quintana Roo","SSA","QRSSA018001","16"
"Hospital Materno Perinatal Mónica Pretelini Sáenz","México","SSA","MCSSA007673","16"
"Hospital General Reynosa Dr. José María Cantú Garza","Tamaulipas","SSA","TSSSA001772","16"
"Hospital General de Occidente","Jalisco","SSA","JCSSA007066","16"
"Hg Hospital General de Matamoros Dr. Alfredo Pumarejo","Tamaulipas","SSA","TSSSA001031","16"
"H.g. Dr. Fernando Quiroz Gutiérrez","México","SSA","MCSSA008945","16"
"Hospital General de Minatitlan","Veracruz de Ignacio de La Llave","SSA","VZSSA003595","16"
"Comitan de Dominguez","Chiapas","ISSSTE","CSIST000065","15"
"Hospital General de Cancún Dr Jesus Kumate Rodriguez","Quintana Roo","SSA","QRSSA018062","15"
"Hospital General de Montemorelos","Nuevo León","SSA","NLSSA004944","15"
"Hospital Comunitario Mascota","Jalisco","SSA","JCSSA003583","15"
"Hospital General de Lagos de Moreno","Jalisco","SSA","JCSSA003250","15"
"Hes 25 Monterrey","Nuevo León","IMSS","NLIMS000303","15"
"Hospital General Navojoa","Sonora","SSA","SRSSA001670","15"
"Apatzingan de La Constitucion","Michoacán de Ocampo","ISSSTE","MNIST000016","14"
"Cd. Delicias","Chihuahua","ISSSTE","CHIST000042","14"
"Hospital Básico Comunitario de Compostela","Nayarit","SSA","NTSSA016060","14"
"Hospital Comunitario Yuriria","Guanajuato","SSA","GTSSA017431","14"
"Hospital General Dr. Enrique Cabrera","Ciudad de México","SSA","DFSSA017886","14"
"Xalapa","Veracruz de Ignacio de La Llave","ISSSTE","VZIST000120","14"
"Hg Hospital General de Cd. Mante Dr. Emilio Martínez Manautou","Tamaulipas","SSA","TSSSA018000","14"
"23/o. Batallon de Infantería","Chihuahua","SEDENA","CHSDN000043","14"
"Villamar","Michoacán de Ocampo","IMSS-BIENESTAR","MNIMO003942","14"
"Hospital General La Perla Nezahualcoyotl","México","SSA","MCSSA010292","14"
"Jáltipan de Morelos","Veracruz de Ignacio de La Llave","IMSS-BIENESTAR","VZIMO002105","14"
"Christus Muguerza Sistemas Hospitalarios S. A. de C. V.","Nuevo León","SMP","NLSMP000040","14"
"10/o. Batallon de Infanteria","Campeche","SEDENA","CCSDN000046","13"
"Hospital General de Parral","Chihuahua","SSA","CHSSA018444","13"
"6/o. Regimiento de Artillería","Oaxaca","SEDENA","OCSDN000224","13"
"Hg Maravatio","Michoacán de Ocampo","SSA","MNSSA016475","13"
"Hospital Civil de Guadalajara Juan I. Menchaca","Jalisco","SSA","JCSSA002224","12"
"Unidad de Hospitalizacion Temprana Covid Tabasco","Tabasco","SSA","TCSSA006565","12"
"Hospital Dr. Manuel Campos","Campeche","SSA","CCSSA000100","12"
"Unidad Auxiliar Hospitalaria Uabc","Baja California","SSA","BCSSA001765","12"
"Hgz 2 Fresnillo","Zacatecas","IMSS","ZSIMS000090","12"
"Santiago Jamiltepec","Oaxaca","IMSS-BIENESTAR","OCIMO003992","12"
"Hgsmf 5 Taxco","Guerrero","IMSS","GRIMS000182","12"
"Hospital Regional de La Barca","Jalisco","SSA","JCSSA013815","12"
"Zoquiapan Dr. Pedro López","México","SSA","MCSSA002761","12"
"H.g. Chimalhuacán","México","SSA","MCSSA002020","11"
"Hospital General de Acapulco","Guerrero","SSA","GRSSA009945","11"
"Huajuapan de Leon","Oaxaca","ISSSTE","OCIST000042","11"
"Hgzmf 32 Minatitlan","Veracruz de Ignacio de La Llave","IMSS","VZIMS000680","11"
"Cd. Obregon","Sonora","ISSSTE","SRIST000046","11"
"Matías Romero Avendaño","Oaxaca","IMSS-BIENESTAR","OCIMO000475","11"
"Hospital Comunitario de Champotón Dr.josé E. Nazar Raiden","Campeche","SSA","CCSSA000544","11"
"Ario de Rosales","Michoacán de Ocampo","IMSS-BIENESTAR","MNIMO000244","10"
"Hospital General Valle de Santiago","Guanajuato","SSA","GTSSA017385","10"
"Motozintla de Mendoza","Chiapas","IMSS-BIENESTAR","CSIMO002620","10"
"Zacapoaxtla","Puebla","IMSS-BIENESTAR","PLIMO002890","10"
"18/o. Regimiento  Caballería Motorizado","Tabasco","SEDENA","TCSDN000081","10"
"11/o. Batallon de Infanteria","Yucatán","SEDENA","YNSDN000072","10"
"Hospital General Tecomán Dr. José F. Rivas Guzmán","Colima","SSA","CMSSA001023","10"
"30/o. Batallón de Infantería","Michoacán de Ocampo","SEDENA","MNSDN000080","10"
"Hospital General de Escarcega Dr. Janell Romero Aguilar","Campeche","SSA","CCSSA017682","10"
"Mamantel","Campeche","IMSS-BIENESTAR","CCIMO000512","10"
"Matamoros","Coahuila de Zaragoza","IMSS-BIENESTAR","CLIMO000281","10"
"Hospital Comunitario Aquismon","San Luis Potosí","SSA","SPSSA000064","9"
"Hospital General Torre Médica Tepepan","Ciudad de México","SSA","DFSSA002672","9"
"Hospital de Las Culturas San Cristobal de Las Casas","Chiapas","SSA","CSSSA018764","9"
"Hospital de La Mujer","Michoacán de Ocampo","SSA","MNSSA001862","9"
"Hospital General de Especialidades Dr. Javier Buenfil Osorio","Campeche","SSA","CCSSA017670","9"
"Villanueva","Zacatecas","IMSS-BIENESTAR","ZSIMO001404","9"
"Hospital Militar Regional de Irapuato Gto.","Guanajuato","SEDENA","GTSDN000010","9"
"16/o. Regimiento de Caballería Motorizado","Tamaulipas","SEDENA","TSSDN000101","8"
"Hospital Materno Infantil Issemym","México","SME","MCSME000916","8"
"Hgzmf 11 Cd. Delicias","Chihuahua","IMSS","CHIMS000206","8"
"Hgzmf 2 Salina Cruz","Oaxaca","IMSS","OCIMS000170","8"
"Hospital General Dr. Pedro Daniel Martínez","Michoacán de Ocampo","SSA","MNSSA003735","7"
"Hospital General San Juan del Río","Querétaro","SSA","QTSSA002131","7"
"Hospital Militar de Especialidades de La Mujer Y Neonatologia","Ciudad de México","SEDENA","DFSDN000062","7"
"Hospital  Comunitario de  Hopelchen","Campeche","SSA","CCSSA001594","7"
"Hospital Ángel Leaño","Jalisco","SSA","JCSSA008466","7"
"Centro de Salud Con Servicios Ampliados (cessa) San Pedro Cholula","Puebla","SSA","PLSSA008854","7"
"Hgzmf 23 Hidalgo Parral","Chihuahua","IMSS","CHIMS000276","7"
"Dr. Bernardo Sepulveda Gutiérrez","Guerrero","SSA","GRSSA004753","7"
"Hospital Regional Cocula","Jalisco","SSA","JCSSA001401","6"
"Hospital General Escuinapa","Sinaloa","SSA","SLSSA018253","6"
"19 Siglo Xxi","Yucatán","SSA","YNSSA001866","6"
"Hospital General de Huamantla","Tlaxcala","SSA","TLSSA017983","6"
"Hospital Regional de Autlan","Jalisco","SSA","JCSSA000631","6"
"Hospital Regional Tepatitlan","Jalisco","SSA","JCSSA005584","5"
"Hospital General El Dorado","Sinaloa","SSA","SLSSA018265","5"
"Enfermería Militar de San Miguel de Los Jagueyes Mex.","México","SEDENA","MCSDN000035","5"
"Hospital Pediátrico Villa","Ciudad de México","SSA","DFSSA000840","5"
"Hgz 89 Guadalajara","Jalisco","IMSS","JCIMS000342","5"
"Hospital General La Cruz","Sinaloa","SSA","SLSSA017594","5"
"Centro de Rehabilitación E Inclusión Infantil Teletón Guerrero","Guerrero","SMP","GRSMP000025","5"
"Hospital General Cuernavaca","Morelos","ISSSTE","MSIST000305","5"
"Hospital General Guasave","Sinaloa","SSA","SLSSA001255","5"
"Hgzmf 1 Tapachula","Chiapas","IMSS","CSIMS000205","5"
"H.g. Valentín Gómez Farías (san Francisco Zentlalpan)","México","SSA","MCSSA018750","4"
"Hospital Regional de Alta Especialidad de Zumpango","México","SSA","MCSSA018774","4"
"64/o Batallón de Infantería","Quintana Roo","SEDENA","QRSDN000073","4"
"Hospital General Nogales","Sonora","SSA","SRSSA001851","3"
"1/er. Regimiento Blindado de Reconocimiento","Querétaro","SEDENA","QTSDN000052","3"
"Hospital General Candelaria","Campeche","SSA","CCSSA001220","3"
"Hospital Comunitario Atotonilco El Alto Madre María Luisita de La Peña Navarro","Jalisco","SSA","JCSSA013762","3"
"H.g.r. Emilio Sánchez Piedras","Tlaxcala","SSA","TLSSA001376","2"
"3/er. Regimiento Blindado de Reconocimiento","Morelos","SEDENA","MSSDN000060","2"
"Hospital Comunitario Colotlan","Jalisco","SSA","JCSSA001454","2"
"Mapastepec","Chiapas","IMSS-BIENESTAR","CSIMO002125","0"
"Hospital Integral Concordia","Sinaloa","SSA","SLSSA000473","0"
"Hospital Integral de El Rosario","Sinaloa","SSA","SLSSA001873","0"
"Hospital General Huixtla","Chiapas","SSA","CSSSA002611","0"
"Hc Loma Bonita","Oaxaca","SSA","OCSSA019844","0"
"Hospital Pediátrico de Sinaloa","Sinaloa","SSA","SLSSA002556","0"
"Hc Valle Nacional","Oaxaca","SSA","OCSSA020025","0"
"Hc Temascal","Oaxaca","SSA","OCSSA020100","0"
"Hospital Rural Los Hernandez","San Luis Potosí","IMSS-BIENESTAR","SPIMO002651","0"
"Hospital Comunitario Salinas de Hidalgo","San Luis Potosí","SSA","SPSSA001032","0"
"Centinela El Refugio","San Luis Potosí","SSA","SPSSA003535","0"
"Centinela Auditorio Municipal Benito Juarez","San Luis Potosí","SSA","SPSSA003511","0"
"Dr. Manuel F. Rodriguez","Tamaulipas","ISSSTE","TSIST000071","0"
"Hospital Comunitario Villa de Arista","San Luis Potosí","SSA","SPSSA002654","0"
"Cd. Cuauhtemoc","Chihuahua","ISSSTE","CHIST000025","0"
"19/o. Regimiento de Caballería Motorizado","Tamaulipas","SEDENA","TSSDN000096","0"
"Constitucion","Nuevo León","ISSSTE","NLIST000093","0"
"Hospital Comunitario Huejuquilla","Jalisco","SSA","JCSSA008401","0"
"Cirugía Ambulatoria (tepic)","Nayarit","SSA","NTSSA015302","0"
"2/o. Regimiento Caballería Motorizado","Baja California","SEDENA","BCSDN000041","0"
"Hospital Comunitario Tomatlan","Jalisco","SSA","JCSSA006115","0"
"Hospital Mixto Jesús María","Nayarit","SSA","NTSSA000660","0"
"Centinela Auditorio Municipal Matehuala","San Luis Potosí","SSA","SPSSA003523","0"
"Ensenada","Baja California","ISSSTE","BCIST000011","0"
"Hospital General de Matehuala","San Luis Potosí","SSA","SPSSA002992","0"
"Hospital Integral Valle del Carrizo","Sinaloa","SSA","SLSSA002573","0"
"Hospital Comunitario de Loreto","Baja California Sur","SSA","BSSSA000933","0"
"Hospital Integral Choix","Sinaloa","SSA","SLSSA000963","0"
"Hospital General Dr. Juan C. Corzo Tonalá","Chiapas","SSA","CSSSA007074","0"
"Hospital Comunitario Jerecuaro","Guanajuato","SSA","GTSSA001915","0"
"1/er. Regimiento de Caballería Motorizado","Puebla","SEDENA","PLSDN000143","0"
"Cessa Tlaxcalancingo","Puebla","SSA","PLSSA006060","0"
"Centro de Rehabilitación e Inclusión Infantil Teletón Nezahualcóyotl","México","SMP","MCSMP000931","0"
"Hospital General Bicentenario Villaflores","Chiapas","SSA","CSSSA018875","0"
"Tepexi de Rodríguez","Puebla","IMSS-BIENESTAR","PLIMO002272","0"
"Villa Unión","Sinaloa","IMSS-BIENESTAR","SLIMO000733","0"
"Miahuatlán de Porfirio Díaz","Oaxaca","IMSS-BIENESTAR","OCIMO000550","0"
"Tecmeculan","Oaxaca","SSA","OCSSA018922","0"
"Hg San Pablo Huixtepec Dr. Manuel Velasco Suárez","Oaxaca","SSA","OCSSA003406","0"
"He de La Niñez Oaxaqueña","Oaxaca","SSA","OCSSA001463","0"
"Hospital Rural Oportunidades 33 Tuxpan","Michoacán de Ocampo","IMSS-BIENESTAR","MNIMO002764","0"
"Hc Tlacotepec","Oaxaca","SSA","OCSSA018736","0"
"Centro de Salud Con Servicios Ampliados (cessa) de Amozoc","Puebla","SSA","PLSSA008503","0"
"Ramos Arizpe","Coahuila de Zaragoza","IMSS-BIENESTAR","CLIMO000445","0"
"Hc Villa Sola Vega","Oaxaca","SSA","OCSSA021116","0"
"Hg Ciudad Hidalgo","Michoacán de Ocampo","SSA","MNSSA016492","0"
"Hgzmf 28 Costa Rica","Sinaloa","IMSS","SLIMS000184","0"
"Hospital Integral Valle de San Lorenzo","Sinaloa","SSA","SLSSA017582","0"
"Rio Bravo","Tamaulipas","ISSSTE","TSIST000170","0"
"Hospital Comunitario Ciudad del Maíz","San Luis Potosí","SSA","SPSSA000262","0"
"Hc San Pedro Huamelula","Oaxaca","SSA","OCSSA021256","0"
"Hg Tehuantepec","Oaxaca","SSA","OCSSA018473","0"
"Hg Ciudad Ixtepec","Oaxaca","SSA","OCSSA016764","0"
"Hc San Pedro Tapanatepec","Oaxaca","SSA","OCSSA003826","0"
"Hc Ixtlan de Juárez","Oaxaca","SSA","OCSSA000594","0"
"San Ildefonso Villa Alta","Oaxaca","IMSS-BIENESTAR","OCIMO001315","0"
"Hc Nejapa de Madero","Oaxaca","SSA","OCSSA019996","0"
"Hc Tamazulapan","Oaxaca","SSA","OCSSA000384","0"
"Hospital Comunitario Mazamitla","Jalisco","SSA","JCSSA008075","0"
"Hospital Comunitario Tamazula","Jalisco","SSA","JCSSA008080","0"
"Hospital Comunitario Huanimaro","Guanajuato","SSA","GTSSA001623","0"
"Hospital Materno Infantil Irapuato","Guanajuato","SSA","GTSSA017542","0"
"Hospital General Calvillo","Aguascalientes","SSA","ASSSA000404","0"
"Guadalupe Tepeyac","Chiapas","IMSS-BIENESTAR","CSIMO002270","0"
"9/o. Regimiento de Caballería Motorizado","Chihuahua","SEDENA","CHSDN000031","0"
"Hospital de La Mujer","Chihuahua","SSA","CHSSA001796","0"
"Hgz 35 Cd.juárez","Chihuahua","IMSS","CHIMS000305","0"
"Hgz 6 Cd.juárez","Chihuahua","IMSS","CHIMS000293","0"
"Hgsmf 4 Navolato","Sinaloa","IMSS","SLIMS000435","0"
"Hospital Infantil de Especialidades de Ciudad Juárez","Chihuahua","SSA","CHSSA018012","0"
"Guadalupe Victoria","Durango","IMSS-BIENESTAR","DGIMO000352","0"
"Hospital Militar de Zona de Cinco de Mayo Dgo.","Durango","SEDENA","DGSDN000014","0"
"62/o. Batallón de Infantería","Durango","SEDENA","DGSDN000072","0"
"Hospital General de Durango","Durango","SSA","DGSSA000191","0"
"Hospital de La Mujer Comitán","Chiapas","SSA","CSSSA018776","0"
"Hospital General María Ignacia Gandulfo Comitan","Chiapas","SSA","CSSSA001030","0"
"Vicente Guerrero","Durango","IMSS-BIENESTAR","DGIMO001595","0"
"Hospital General  Raúl A. Carrillo","Baja California Sur","SSA","BSSSA000595","0"
"Centinela Fenapo San Luis Potosi","San Luis Potosí","SSA","SPSSA003540","0"
"Hospital del Niño Y La Mujer Dr. Alberto López Hermosa","San Luis Potosí","SSA","SPSSA017301","0"
"Hospital General Balbuena","Ciudad de México","SSA","DFSSA003722","0"
"497/o.batallon de Infanteria","Baja California Sur","SEDENA","BSSDN000044","0"
"Hospital Comunitario Teocaltiche","Jalisco","SSA","JCSSA005461","0"
"Hospital General de La Huasteca","Hidalgo","SSA","HGSSA015520","0"
"HGSMF 17 Los Reyes","Michoacán de Ocampo","IMSS","MNIMS000313","0"
"Hospital Integral Atlapexco","Hidalgo","SSA","HGSSA000511","0"
"Hgz 2 Hermosillo","Sonora","IMSS","SRIMS000413","0"
"24/o. Batallon de Infanteria","Sonora","SEDENA","SRSDN000192","0"
"Hospital Militar Regional de Hermosillo Son.","Sonora","SEDENA","SRSDN000011","0"
"Hospital Comunitario Encarnación de Diaz","Jalisco","SSA","JCSSA001990","0"
"Hospital Comunitario Ojuelos","Jalisco","SSA","JCSSA003986","0"
"Hospital Comunitario Moctezuma","Sonora","SSA","SRSSA001612","0"
"Hospital Comunitario  Ures","Sonora","SSA","SRSSA002295","0"
"Hospital Comunitario Tamazunchale","San Luis Potosí","SSA","SPSSA001703","0"
"Tamazunchale","San Luis Potosí","ISSSTE","SPIST000142","0"
"Guaymas","Sonora","ISSSTE","SRIST000104","0"
"Metepec","Hidalgo","IMSS-BIENESTAR","HGIMO000952","0"
"Centinela Unidad Deportiva Temazunchale","San Luis Potosí","SSA","SPSSA003552","0"
"Hospital Regional Otomi Tepehua","Hidalgo","SSA","HGSSA002751","0"
"19 (extensión Hospital Huehuetla)","Hidalgo","SSA","HGSSA005044","0"
"Hospital Básico Comunitario Huehuetla","Hidalgo","SSA","HGSSA015561","0"
"Monclova","Coahuila de Zaragoza","ISSSTE","CLIST000065","0"
"Anexo Al Nuevo Hospital General de Queretaro","Querétaro","SSA","QTSSA002896","0"
"Hospital Integral Navolato","Sinaloa","SSA","SLSSA002491","0"
"Hospital de Palizada","Campeche","SSA","CCSSA001710","0"
"Piedras Negras","Coahuila de Zaragoza","ISSSTE","CLIST000094","0"
"San Buenaventura","Coahuila de Zaragoza","IMSS-BIENESTAR","CLIMO000561","0"
"Hgs 33 Tierra Blanca","Veracruz de Ignacio de La Llave","IMSS","VZIMS001013","0"
"Hospital Integral de Tlanchinol","Hidalgo","SSA","HGSSA015503","0"
"Hgzmf 26 Tala","Jalisco","IMSS","JCIMS000803","0"
"Hospital Militar Regional de Tampico Tamps.","Tamaulipas","SEDENA","TSSDN000014","0"
"Hospital Comunitario Villagran","Guanajuato","SSA","GTSSA016994","0"
"Hospital Comunitario Tarimoro","Guanajuato","SSA","GTSSA016970","0"
"Hospital Comunitario Comonfort","Guanajuato","SSA","GTSSA005502","0"
"Hospital Comunitario Santa Cruz de Juventino Rosas","Guanajuato","SSA","GTSSA016842","0"
"Hospital Comunitario Cortazar","Guanajuato","SSA","GTSSA001121","0"
"Hospital Integral Cinta Larga","Hidalgo","SSA","HGSSA002162","0"
"Dr. Ismael Vazquez Ortiz","Querétaro","ISSSTE","QTIST000046","0"
"Hospital Materno Celaya","Guanajuato","SSA","GTSSA017530","0"
"Hospital Comunitario Apaseo El Grande","Guanajuato","SSA","GTSSA000585","0"
"Zongolica","Veracruz de Ignacio de La Llave","IMSS-BIENESTAR","VZIMO005004","0"
"Hospital Integral Ixtlán del Río","Nayarit","SSA","NTSSA000474","0"
"Hospital General Huichapan","Hidalgo","SSA","HGSSA001503","0"
"Hospital Basico Comunitario Las Varas","Nayarit","SSA","NTSSA016084","0"
"Hospital Comunitario La Huerta","Jalisco","SSA","JCSSA002632","0"
"Hospital Comunitario Cihuatlan","Jalisco","SSA","JCSSA001261","0"
"Hospital de La Mujer San Cristóbal de Las Casas","Chiapas","SSA","CSSSA005773","0"
"San Cristobal de Las Casas","Chiapas","ISSSTE","CSIST000193","0"
"San Felipe Ecatepec","Chiapas","IMSS-BIENESTAR","CSIMO003863","0"
"Hospital Integral Mocorito","Sinaloa","SSA","SLSSA001716","0"
"Hospital Integral Angostura","Sinaloa","SSA","SLSSA000193","0"
"Nocupetaro","Michoacán de Ocampo","SSA","MNSSA016516","0"
"Hg Infantil Eva Samano de López Mateos","Michoacán de Ocampo","SSA","MNSSA001874","0"
"Hospital General Palenque","Chiapas","SSA","CSSSA004595","0"
"Hospital General Yajalón Dr. Jose Manuel Velasco Siles","Chiapas","SSA","CSSSA009232","0"
"Sahuayo","Michoacán de Ocampo","ISSSTE","MNIST000185","0"
"Zamora","Michoacán de Ocampo","ISSSTE","MNIST000226","0"
"Nogales","Sonora","ISSSTE","SRIST000174","0"
"Tehuacan","Puebla","ISSSTE","PLIST000154","0"
"Hospital de Especialidad Materno Infantil de León","Guanajuato","SSA","GTSSA002096","0"
"Hospital Comunitario de Tamuin","San Luis Potosí","SSA","SPSSA017132","0"
"Unidad de Cirugía Ambulatoria Valles","San Luis Potosí","SSA","SPSSA017120","0"
"Centinela Auditorio Manuel Gomez Morin","San Luis Potosí","SSA","SPSSA003564","0"
"Hospital General de Agua Prieta","Sonora","SSA","SRSSA017671","0"
"Hidalgo","Tamaulipas","IMSS-BIENESTAR","TSIMO001250","0"
"Hospital Comunitario Ebano","San Luis Potosí","SSA","SPSSA002770","0"
"Hospital General de Zona No. 3","Aguascalientes","IMSS","ASIMS000161","0"
"Hospital General Tercer Milenio","Aguascalientes","SSA","ASSSA000030","0"
"Hospital General de Cananea","Sonora","SSA","SRSSA006285","0"
"Hospital del Niño Morelense","Morelos","SSA","MSSSA002863","0"
"Hgz 14 Guadalajara","Jalisco","IMSS","JCIMS000330","0"
"Hospital Militar Regional de Guadalajara Jal.","Jalisco","SEDENA","JCSDN000010","0"
"Rodeo","Durango","IMSS-BIENESTAR","DGIMO001093","0"
"Hgr 20 Tijuana","Baja California","IMSS","BCIMS000262","0"
"Hospital Militar de Zona de Santa María Rayón","México","SEDENA","MCSDN000385","0"
"Clínica Hospital Mérida","Yucatán","ISSSTE","YNIST000170","0"
"San Luis Rio Colorado","Sonora","ISSSTE","SRIST000203","0"
"Hospital General Caborca","Sonora","SSA","SRSSA000504","0"
"5 de Diciembre","Baja California","ISSSTE","BCIST000040","0"
"Hospital Temporal Politecnico","Baja California","SSA","BCSSA001741","0"
"C.s. C/ Hospitalización Adán G. Velarde","Baja California Sur","SSA","BSSSA000192","0"
"Santa Rosalia","Baja California Sur","ISSSTE","BSIST000043","0"
"Cessa San Francisco Totimehuacán","Puebla","SSA","PLSSA009223","0"
"Hospital Integral de Sinaloa de Leyva","Sinaloa","SSA","SLSSA002136","0"
"Cessa La Libertad","Puebla","SSA","PLSSA017134","0"
"Cessa Romero Vargas","Puebla","SSA","PLSSA009214","0"
"Cessa San Sebastián de Aparicio","Puebla","SSA","PLSSA006294","0"
"Hospital Integral Kantunilkin","Quintana Roo","SSA","QRSSA001423","0"
"Centro de Salud Con Servicios Ampliados de San Felipe Hueyotlipan","Puebla","SSA","PLSSA009241","0"
"Cessa Xonacatepec","Puebla","SSA","PLSSA006043","0"
"Hospital Nacional Homeopático","Ciudad de México","SSA/CC","DFSSA003990","0"
"Cd. Sabinas","Coahuila de Zaragoza","ISSSTE","CLIST000181","0"
"Hospital Integral de Isla Mujeres","Quintana Roo","SSA","QRSSA001826","0"
"Hospital Integral Xpujil","Campeche","SSA","CCSSA001116","0"
"Hi Coahuayana","Michoacán de Ocampo","SSA","MNSSA000462","0"
"Hospital Comunitario de La Huacana","Michoacán de Ocampo","SSA","MNSSA016545","0"
"Hi Nueva Italia","Michoacán de Ocampo","SSA","MNSSA002142","0"
"Buenavista","Michoacán de Ocampo","IMSS-BIENESTAR","MNIMO003954","0"
"Hgsmf 9 Apatzigan","Michoacán de Ocampo","IMSS","MNIMS000021","0"
"Enfermería Militar de Apatzingan Mich.","Michoacán de Ocampo","SEDENA","MNSDN000010","0"
"Coalcomán de Vázquez Pallares","Michoacán de Ocampo","IMSS-BIENESTAR","MNIMO000425","0"
"Centinela Coxcatlan","San Luis Potosí","SSA","SPSSA003576","0"
"Hi Arteaga","Michoacán de Ocampo","SSA","MNSSA000310","0"
"Bochil","Chiapas","IMSS-BIENESTAR","CSIMO000433","0"
"Hg Puerto Escondido","Oaxaca","SSA","OCSSA020030","0"
"Hc Tamazola","Oaxaca","SSA","OCSSA019132","0"
"Hc Maruata","Michoacán de Ocampo","SSA","MNSSA016550","0"
"Hospital Integral Cosala","Sinaloa","SSA","SLSSA000572","0"
"Pinotepa Nacional","Oaxaca","ISSSTE","OCIST000240","0"
"Hc Nochixtlan","Oaxaca","SSA","OCSSA000121","0"
"Hospital Integral Acaponeta","Nayarit","SSA","NTSSA000013","0"
"Hospital Integral San Ignacio","Sinaloa","SSA","SLSSA017570","0"
"Chignahuapan","Puebla","IMSS-BIENESTAR","PLIMO000691","0"
"Heroica Ciudad de Huajuapan de León","Oaxaca","IMSS-BIENESTAR","OCIMO000335","0"
"Villa Ocaranza","Hidalgo","SSA","HGSSA003941","0"
"Hospital Obstetrico Pachuca","Hidalgo","SSA","HGSSA002425","0"
"Hospital Integral Badiraguato","Sinaloa","SSA","SLSSA000246","0"
"Hgzmf 28 Martinez Torre","Veracruz de Ignacio de La Llave","IMSS","VZIMS000651","0"
"Hgs 22 N.casas Grandes","Chihuahua","IMSS","CHIMS000450","0"
"San Carlos","Tamaulipas","IMSS-BIENESTAR","TSIMO000661","0"
"Hc Hospital Integral Comunitario Chalcatongo","Oaxaca","SSA","OCSSA000343","0"
"Hospital Comunitario Alamos","Sonora","SSA","SRSSA000055","0"
"Hospital Integral Zacapoaxtla","Puebla","SSA","PLSSA008281","0"
"Hospital Integral de Xicotepec","Puebla","SSA","PLSSA009283","0"
"Villa Ávila Camacho (la Ceiba)","Puebla","IMSS-BIENESTAR","PLIMO002803","0"
"Centro de Salud Urbano Huauchinango","Puebla","SSA","PLSSA015032","0"
"Ixtepec","Puebla","IMSS-BIENESTAR","PLIMO003450","0"
"Navojoa","Sonora","ISSSTE","SRIST000162","0"
"Huauchinango","Puebla","ISSSTE","PLIST000072","0"
"Fresnillo","Zacatecas","ISSSTE","ZSIST000032","0"
"Altamirano","Chiapas","IMSS-BIENESTAR","CSIMO000170","0"
"Ocosingo","Chiapas","IMSS-BIENESTAR","CSIMO002784","0"
"Sanatorio Naval de La Pesca","Tamaulipas","SEMAR","TSSMA000020","0"
"Hospital Comunitario San Diego de La Union","Guanajuato","SSA","GTSSA017501","0"
"San Pedro de Las Colonias","Coahuila de Zaragoza","ISSSTE","CLIST000111","0"
"83/o. Batallón de Infantería","Veracruz de Ignacio de La Llave","SEDENA","VZSDN000174","0"
"Hospital Comunitario Moroleón","Guanajuato","SSA","GTSSA017443","0"
"Hospital General Uriangato","Guanajuato","SSA","GTSSA004650","0"
"19 Isstech Tuxtla","Chiapas","SME","CSSME000066","0"
"Hospital Integral José María Morelos","Quintana Roo","SSA","QRSSA001312","0"
"Venustiano Carranza","Chiapas","IMSS-BIENESTAR","CSIMO005210","0"
"Hg María Lombardo de Caso","Oaxaca","SSA","OCSSA002320","0"
"Hospital Militar Regional de Mazatlán Sin.","Sinaloa","SEDENA","SLSDN000016","-18"
"Hospital Central Dr. Ignacio Morones Prieto","San Luis Potosí","SSA","SPSSA001102","-100"