"Unidad médica","Estado","Institución","CLUES","% de Ocupación"
"Hgz 4 Villa Guadalupe","Nuevo León","IMSS","NLIMS000204","100"
"Bicentenario de La Independencia","México","ISSSTE","MCIST000425","100"
"Hgz No. 48 San Pedro Xalpa","Ciudad de México","IMSS","DFIMS000831","100"
"Hgzmf 36 Coatzacoalcos","Veracruz de Ignacio de La Llave","IMSS","VZIMS000231","100"
"Hospital General Dr. Raymundo Abarca Alarcón","Guerrero","SSA","GRSSA009950","100"
"Hgr 251 Metepec","México","IMSS","MCIMS001185","100"
"Centro Médico Issemym Lic. Arturo Montiel Rojas Issemym","México","SME","MCSME000921","100"
"Hgz 17 Monterrey","Nuevo León","IMSS","NLIMS000356","100"
"Hes 71 Torreon","Coahuila de Zaragoza","IMSS","CLIMS000490","100"
"Toluca","México","ISSSTE","MCIST000215","100"
"Hgz 1 Oaxaca","Oaxaca","IMSS","OCIMS000136","100"
"Gral. Jose Maria Morelos Y Pavon","Ciudad de México","ISSSTE","DFIST000155","100"
"Hospital General Las Américas","México","SSA","MCSSA010280","100"
"Hgz 1a Venados","Ciudad de México","IMSS","DFIMS000522","100"
"20 de Noviembre","Ciudad de México","ISSSTE","DFIST000312","100"
"Dr. Dario Fernandez Fierro","Ciudad de México","ISSSTE","DFIST000324","100"
"Dr. Daniel Gurria Urgell","Tabasco","ISSSTE","TCIST000063","100"
"Hgz 58 Las Margaritas","México","IMSS","MCIMS000734","100"
"Hgr 270 Reynosa","Tamaulipas","IMSS","TSIMS000533","100"
"Rafael Lucio","Veracruz de Ignacio de La Llave","SSA","VZSSA004855","100"
"Hospital General de Manzanillo","Colima","SSA","CMSSA001356","100"
"Hg Hospital General Altamira Dr Rodolfo Torre Cantú","Tamaulipas","SSA","TSSSA018514","100"
"Hospital Real San José S.c","Jalisco","SMP","JCSMP000313","100"
"Hg Dr. Miguel Silva","Michoacán de Ocampo","SSA","MNSSA001891","100"
"Hgz 49 Los Mochis","Sinaloa","IMSS","SLIMS000020","100"
"Hgzmf 1 La Paz","Baja California Sur","IMSS","BSIMS000113","100"
"Instituto Nacional de Ciencias Médicas Y Nutrición Salvador Zubirán","Ciudad de México","SSA/CC","DFSSA004055","100"
"Instituto Nacional de Enfermedades Respiratorias Ismael Cosío Villegas","Ciudad de México","SSA/CC","DFSSA004026","100"
"Dr. Belisario Dominguez","Chiapas","ISSSTE","CSIST000251","100"
"H.g. Dr.salvador González Herrejon","México","SSA","MCSSA001011","100"
"Hospital General de Chalco","México","SSA","MCSSA001682","100"
"Hospital Pediátrico Villa","Ciudad de México","SSA","DFSSA000840","100"
"Primero de Octubre","Ciudad de México","ISSSTE","DFIST000090","100"
"Hgz 71 Verac","Veracruz de Ignacio de La Llave","IMSS","VZIMS001124","100"
"Clínica de La Mujer San Cristóbal de Las Casas","Chiapas","SSA","CSSSA019090","100"
"Hes 1 Merida","Yucatán","IMSS","YNIMS000071","100"
"Hgz No. 20","Puebla","IMSS","PLIMS000586","100"
"Hinfec Cm La Raza","Ciudad de México","IMSS","DFIMS000056","100"
"Hgz 30 Iztacalco","Ciudad de México","IMSS","DFIMS000324","100"
"19 Tuxtla","Chiapas","SSA","CSSSA009471","95"
"Hes Cm La Raza","Ciudad de México","IMSS","DFIMS000020","92"
"Gral. Ignacio Zaragoza","Ciudad de México","ISSSTE","DFIST000160","92"
"Hes Oblatos","Jalisco","IMSS","JCIMS000301","91"
"Veracruz","Veracruz de Ignacio de La Llave","ISSSTE","VZIST000301","90"
"Enfermería Militar de Temamatla Mex.","México","SEDENA","MCSDN000011","90"
"Hospital Militar Regional de Acapulco Gro.","Guerrero","SEDENA","GRSDN000014","90"
"Hes 2 Cm Obregon","Sonora","IMSS","SRIMS000150","90"
"Hospital General Dr. Manuel Gea González","Ciudad de México","SSA/CC","DFSSA003961","90"
"Hospital General de México","Ciudad de México","SSA/CC","DFSSA003973","89"
"Hospital Central Militar","Ciudad de México","SEDENA","DFSDN000086","89"
"Hospital Regional de Alta Especialidad de Oaxaca","Oaxaca","SSA/CC","OCSSA007483","89"
"Hgz 1 Tlaxcala","Tlaxcala","IMSS","TLIMS000136","88"
"Morelia","Michoacán de Ocampo","ISSSTE","MNIST000120","88"
"22/o. Batallón de   Infantería","Ciudad de México","SEDENA","DFSDN000103","88"
"Hes Puebla","Puebla","IMSS","PLIMS000200","87"
"Hospital Regional de Coatzacoalcos Dr.valentin Gómez Farias","Veracruz de Ignacio de La Llave","SSA","VZSSA001150","86"
"Hgr 72 Gustavo Baz","México","IMSS","MCIMS000746","86"
"Hospital General Tláhuac","Ciudad de México","SSA","DFSSA018154","86"
"Hgz 1 Carlos Mcgregor","Ciudad de México","IMSS","DFIMS000534","86"
"Hospital General Acapulco","Guerrero","SSA","GRSSA000010","83"
"Hospital General Regional No. 58","Guanajuato","IMSS","GTIMS000564","83"
"Hospital General de Teziutlán","Puebla","SSA","PLSSA008485","83"
"Hgr 1 V. Guerrero","Guerrero","IMSS","GRIMS000013","83"
"Centenario de La Revolucion Mexicana","Morelos","ISSSTE","MSIST000293","83"
"Hg de Cuernavaca Dr. Jose G. Parres","Morelos","SSA","MSSSA000466","83"
"Centro Estatal de Cuidados Críticos Salamanca","Guanajuato","SSA","GTSSA017315","82"
"Hospital Regional de Alta Especialidad Ixtapaluca","México","SSA/CC","MCSSA018786","82"
"Hospital Militar de Zona de Santa María Rayón","México","SEDENA","MCSDN000385","80"
"Hospital General de Soledad de Graciano Sánchez","San Luis Potosí","SSA","SPSSA017313","80"
"Hgz 14 C/unidad Quemados","Sonora","IMSS","SRIMS000900","79"
"Hospital General del Estado Dr. Ernesto Ramos Bours","Sonora","SSA","SRSSA001110","77"
"Hospital General Tijuana","Baja California","SSA","BCSSA000913","76"
"Hgr 1 Queretaro","Querétaro","IMSS","QTIMS000092","75"
"Hospital General de Izucar de Matamoros","Puebla","SSA","PLSSA016806","75"
"Hgr 66 Cd. Juárez","Chihuahua","IMSS","CHIMS000573","75"
"Hgr 196 Fidel Velazquez","México","IMSS","MCIMS000244","75"
"Hgzmf 8 San Angel","Ciudad de México","IMSS","DFIMS000464","75"
"Monterrey","Nuevo León","ISSSTE","NLIST000105","75"
"Hospital Militar de Zona de Mexicali B. C.","Baja California","SEDENA","BCSDN000012","70"
"Hgrmf 1 Cuernavaca","Morelos","IMSS","MSIMS000054","70"
"Hospital Juárez de México","Ciudad de México","SSA/CC","DFSSA003944","69"
"Hospital General Culiacán","Sinaloa","SSA","SLSSA000666","67"
"Hgz 30 Mexicali","Baja California","IMSS","BCIMS000122","67"
"Hospital General Guasave","Sinaloa","SSA","SLSSA001255","67"
"Agosto 12","Tamaulipas","ISSSTE","TSIST000095","67"
"Hg Cm La Raza","Ciudad de México","IMSS","DFIMS000061","67"
"Valentin Gomez Farias","Jalisco","ISSSTE","JCIST000132","67"
"Hgzmf 2 San Luis Potosi","San Luis Potosí","IMSS","SPIMS000183","67"
"Dr. Santiago Ramon Y Cajal","Durango","ISSSTE","DGIST000042","67"
"Hes 1 Leon","Guanajuato","IMSS","GTIMS000226","67"
"Dr. Bernardo Sepulveda Gutiérrez","Guerrero","SSA","GRSSA004753","67"
"Hospital General 450","Durango","SSA","DGSSA017872","64"
"Instituto Nacional de Neurología Y Neurocirugía Manuel Velasco Suárez","Ciudad de México","SSA/CC","DFSSA004060","62"
"Hgz 197 Texcoco","México","IMSS","MCIMS000961","62"
"Hospital Central del Estado","Chihuahua","SSA","CHSSA000676","62"
"Hes 14 Cmn Verac","Veracruz de Ignacio de La Llave","IMSS","VZIMS001112","62"
"Hgz 24 Insurgentes","Ciudad de México","IMSS","DFIMS000225","60"
"Hg Adolfo Prieto","Guerrero","SSA","GRSSA012535","60"
"Hgr 1 Chihuahua","Chihuahua","IMSS","CHIMS000136","60"
"Hg Hospital General Nuevo Laredo","Tamaulipas","SSA","TSSSA001550","60"
"Hospital Infantil de México Federico Gómez","Ciudad de México","SSA/CC","DFSSA004084","60"
"19 Tapachula","Chiapas","SME","CSSME000100","60"
"Hgr 1 Tijuana","Baja California","IMSS","BCIMS000373","60"
"Acapulco","Guerrero","ISSSTE","GRIST000025","60"
"Hospital General León","Guanajuato","SSA","GTSSA005683","58"
"Hospital Regional de Alta Especialidad del Bajío","Guanajuato","SSA/CC","GTSSA016796","53"
"Hgr 110 Oblatos","Jalisco","IMSS","JCIMS000354","53"
"Uneme de Urgencias Zacatecas","Zacatecas","SSA","ZSSSA013172","53"
"Hgz 18 Playa del Carmen","Quintana Roo","IMSS","QRIMS000154","50"
"Hospital General de Valladolid","Yucatán","SSA","YNSSA013440","50"
"Hgz 194 El Molinito","México","IMSS","MCIMS000326","50"
"Hgr 1 Culiacán","Sinaloa","IMSS","SLIMS000131","50"
"Hospital General Dr. Pedro Daniel Martínez","Michoacán de Ocampo","SSA","MNSSA003735","50"
"Hospital Naval de Veracruz","Veracruz de Ignacio de La Llave","SEMAR","VZSMA000040","50"
"Hgz 21 Tepatitlan","Jalisco","IMSS","JCIMS000914","50"
"Hospital Militar Regional de Mazatlán Sin.","Sinaloa","SEDENA","SLSDN000016","50"
"Hospital Militar de Zona Cuernavaca Mor.","Morelos","SEDENA","MSSDN000014","50"
"Hgr 1 Ignacio García Tellez","Yucatán","IMSS","YNIMS000083","50"
"Hospital de Traumatología Y Ortopedia Doctor Y General Rafael Moreno Valle","Puebla","SSA","PLSSA009394","50"
"He de La Niñez Oaxaqueña","Oaxaca","SSA","OCSSA001463","50"
"Hgz 3 Cancun","Quintana Roo","IMSS","QRIMS000060","50"
"Instituto Nacional de Pediatría","Ciudad de México","SSA/CC","DFSSA004014","50"
"Hc Teotitlán de Flores Magón","Oaxaca","SSA","OCSSA021080","50"
"Merida","Yucatán","ISSSTE","YNIST000030","50"
"Hospital Regional de Alta Especialidad Dr. Juan Graham Casasus","Tabasco","SSA","TCSSA001064","49"
"Fundacion Santos Y de La Garza Evia Ibp","Nuevo León","SMP","NLSMP000023","46"
"19 Palenque","Chiapas","SSA","CSSSA019510","45"
"Hospital General de Chetumal","Quintana Roo","SSA","QRSSA000373","44"
"Hospital Universitario Dr. José Eleuterio González","Nuevo León","HUN","NLHUN000014","43"
"Hg Infantil Eva Samano de López Mateos","Michoacán de Ocampo","SSA","MNSSA001874","43"
"Centenario Hospital Miguel Hidalgo","Aguascalientes","SSA","ASSSA000025","41"
"Hies de Chihuahua","Chihuahua","SSA","CHSSA018514","40"
"Hospital General Nogales","Sonora","SSA","SRSSA001851","40"
"Hgr 46 Guadalaja","Jalisco","IMSS","JCIMS000371","40"
"Hgzmf 1 Durango","Durango","IMSS","DGIMS000042","40"
"Hr_issste","Puebla","ISSSTE","PLIST000101","40"
"Hospital General de Tekax","Yucatán","SSA","YNSSA013476","40"
"Hgr Orizaba","Veracruz de Ignacio de La Llave","IMSS","VZIMS000733","38"
"Hospital General Dr. Enrique Cabrera","Ciudad de México","SSA","DFSSA017886","38"
"Hospital Regional de Alta Especialidad de La Península de Yucatán","Yucatán","SSA/CC","YNSSA013423","36"
"Hospital General de Cancún Dr Jesus Kumate Rodriguez","Quintana Roo","SSA","QRSSA018062","35"
"Hospital Dr. Manuel Campos","Campeche","SSA","CCSSA000100","33"
"Hospital General de Gómez Palacio","Durango","SSA","DGSSA000676","33"
"Hospital General Dr. Desiderio G. Rosado Carbajal","Tabasco","SSA","TCSSA017420","33"
"Hped Cmn Siglo Xxi","Ciudad de México","IMSS","DFIMS000616","33"
"Hospital Central Dr. Ignacio Morones Prieto","San Luis Potosí","SSA","SPSSA001102","33"
"Hospital de La Mujer","Sinaloa","SSA","SLSSA017606","33"
"Hospital Militar Regional de Especialidades de Monterrey N. L.","Nuevo León","SEDENA","NLSDN000012","33"
"Hg  Juárez","Chihuahua","SSA","CHSSA001801","33"
"Hgzmf 1 San Luis Potosi","San Luis Potosí","IMSS","SPIMS000171","33"
"Hospital General Acambaro Miguel Hidalgo","Guanajuato","SSA","GTSSA017414","33"
"Hospital Dr. Julian A. Manzur Ocaña","Tabasco","SME","TCSME000011","32"
"Hospital General de Occidente","Jalisco","SSA","JCSSA007066","30"
"Hospital Regional de Alta Especialidad En Cd Victoria Bicentenario 2010","Tamaulipas","SSA/CC","TSSSA018292","28"
"Hospital Metropolitano","Nuevo León","SSA","NLSSA004046","26"
"Hospital de Las Culturas San Cristobal de Las Casas","Chiapas","SSA","CSSSA018764","25"
"Hospital de Especialidades de La Mujer","Oaxaca","SSA","OCSSA007705","25"
"Gomez Palacio","Durango","ISSSTE","DGIST000054","25"
"Hospital Regional de Delicias","Chihuahua","SSA","CHSSA001026","20"
"Hospital Militar Regional de Torreón Coah.","Coahuila de Zaragoza","SEDENA","CLSDN000013","20"
"Hospital General Regional No. 2 El Marques","Querétaro","IMSS","QTIMS000285","18"
"Hgzmf 11 Cd. Delicias","Chihuahua","IMSS","CHIMS000206","17"
"Hospital Materno Perinatal Mónica Pretelini Sáenz","México","SSA","MCSSA007673","17"
"Hospital Regional  Poza Rica de Hidalgo","Veracruz de Ignacio de La Llave","SSA","VZSSA004744","17"
"Hospital Militar de Especialidades de La Mujer Y Neonatologia","Ciudad de México","SEDENA","DFSDN000062","17"
"Hgzmf 3 Mazatlan","Sinaloa","IMSS","SLIMS000341","17"
"HG Chilapa de Álvarez","Guerrero","SSA","GRSSA003423","14"
"Hospital Civil de Guadalajara Fray Antonio Alcalde","Jalisco","SSA","JCSSA002195","13"
"Hgz 50 Tangamanga","San Luis Potosí","IMSS","SPIMS000376","13"
"Hospital Civil de Guadalajara Juan I. Menchaca","Jalisco","SSA","JCSSA002224","12"
"Hes 25 Monterrey","Nuevo León","IMSS","NLIMS000303","12"
"Hgz 46 Dr. B Reynés B","Tabasco","IMSS","TCIMS000121","12"
"Servicios Integrales Nova de Monterrey S.a. de C.v.","Nuevo León","SMP","NLSMP000110","10"
"Hospital Comunitario Cortazar","Guanajuato","SSA","GTSSA001121","0"
"Hospital Comunitario Santa Cruz de Juventino Rosas","Guanajuato","SSA","GTSSA016842","0"
"Hospital Comunitario Apaseo El Alto","Guanajuato","SSA","GTSSA017402","0"
"Hospital Comunitario Apaseo El Grande","Guanajuato","SSA","GTSSA000585","0"
"Hospital Comunitario Tarimoro","Guanajuato","SSA","GTSSA016970","0"
"CAISES Comonfort","Guanajuato","SSA","GTSSA001010","0"
"Hospital General de Ciudad Constitución","Baja California Sur","SSA","BSSSA001510","0"
"Cd. Constitucion","Baja California Sur","ISSSTE","BSIST000014","0"
"Hospital Comunitario de Loreto","Baja California Sur","SSA","BSSSA000933","0"
"1/er. Regimiento de Caballería Motorizado","Puebla","SEDENA","PLSDN000143","0"
"Hgz 5 Metepec","Puebla","IMSS","PLIMS000043","0"
"Hospital General de Huejotzingo","Puebla","SSA","PLSSA009001","0"
"Hospital General de Cholula","Puebla","SSA","PLSSA008425","0"
"HI Hospital Integral Abasolo","Tamaulipas","SSA","TSSSA000010","0"
"HG Hospital General Civil Nuevo Laredo","Tamaulipas","SSA","TSSSA001562","0"
"16/o. Regimiento de Caballería Motorizado","Tamaulipas","SEDENA","TSSDN000101","0"
"Hgz 11 Nuevo Laredo","Tamaulipas","IMSS","TSIMS000276","0"
"HG Hospital General Valle Hermoso Dr. Rodolfo Torre Cantú","Tamaulipas","SSA","TSSSA018951","0"
"Rio Bravo","Tamaulipas","ISSSTE","TSIST000170","0"
"HG Hospital General Río Bravo","Tamaulipas","SSA","TSSSA018526","0"
"Hgs 33 Tierra Blanca","Veracruz de Ignacio de La Llave","IMSS","VZIMS001013","0"
"Hgzmf 35 Cosamaloapan","Veracruz de Ignacio de La Llave","IMSS","VZIMS000342","0"
"Hi Cheran","Michoacán de Ocampo","SSA","MNSSA000836","0"
"Uruapan del Progreso","Michoacán de Ocampo","ISSSTE","MNIST000202","0"
"Hgz 8 Uruapan","Michoacán de Ocampo","IMSS","MNIMS000424","0"
"HGSMF 17 Los Reyes","Michoacán de Ocampo","IMSS","MNIMS000313","0"
"Los Mochis","Sinaloa","ISSSTE","SLIST000015","0"
"Hospital Integral Valle del Carrizo","Sinaloa","SSA","SLSSA002573","0"
"Hospital General Los Mochis","Sinaloa","SSA","SLSSA000024","0"
"Hospital Integral Choix","Sinaloa","SSA","SLSSA000963","0"
"Hospital Comunitario Mazamitla","Jalisco","SSA","JCSSA008075","0"
"Hospital Comunitario Tamazula","Jalisco","SSA","JCSSA008080","0"
"Hospital General de San Pablo del Monte","Tlaxcala","SSA","TLSSA001883","0"
"Hgsmf 8 Tlaxcala","Tlaxcala","IMSS","TLIMS000194","0"
"Tlaxcala","Tlaxcala","ISSSTE","TLIST000042","0"
"Hospital Comunitario Romita","Guanajuato","SSA","GTSSA003151","0"
"Hospital Comunitario Purisima del Rincon","Guanajuato","SSA","GTSSA005432","0"
"Hospital Comunitario San Francisco del Rincón","Guanajuato","SSA","GTSSA003793","0"
"Hgs 54 Silao","Guanajuato","IMSS","GTIMS000506","0"
"Hospital General Silao","Guanajuato","SSA","GTSSA017023","0"
"Dr. Roberto Nettel F.","Chiapas","ISSSTE","CSIST000210","0"
"Hgzmf 1 Tapachula","Chiapas","IMSS","CSIMS000205","0"
"497/o.batallon de Infanteria","Baja California Sur","SEDENA","BSSDN000044","0"
"Hospital Militar Regional de La Paz B. C. S.","Baja California Sur","SEDENA","BSSDN000015","0"
"B. Hospital General Con Especialidades Juan María de Salvatierra","Baja California Sur","SSA","BSSSA001213","0"
"La Paz","Baja California Sur","ISSSTE","BSIST000330","0"
"Hgzmf 2 Apizaco","Tlaxcala","IMSS","TLIMS000030","0"
"Hgzmf 50 Lerdo Tejada","Veracruz de Ignacio de La Llave","IMSS","VZIMS000634","0"
"San Jose del Cabo","Baja California Sur","ISSSTE","BSIST000101","0"
"Hospital General de Cabo San Lucas","Baja California Sur","SSA","BSSSA001131","0"
"Hgsmf 26 Cabo San Lucas","Baja California Sur","IMSS","BSIMS000154","0"
"Hospital General Regional Dr. Guillermo Soberón Acevedo","Guerrero","SSA","GRSSA010061","0"
"Hospital Militar de Zona de El Vergel Iztapalapa","Ciudad de México","SEDENA","DFSDN000016","0"
"Centro de Rehabilitación e Inclusión Infantil Teletón Ciudad de México","Ciudad de México","SMP","DFSMP006124","0"
"Hgz 47 Vicente Guerrero","Ciudad de México","IMSS","DFIMS000365","0"
"Hospital General Iztapalapa","Ciudad de México","SSA","DFSSA001540","0"
"Dr. Patricio Trueba Regil","Campeche","ISSSTE","CCIST000021","0"
"10/o. Batallon de Infanteria","Campeche","SEDENA","CCSDN000046","0"
"Hospital General de Especialidades Dr. Javier Buenfil Osorio","Campeche","SSA","CCSSA017670","0"
"Hgzmf 1 Campeche","Campeche","IMSS","CCIMS000016","0"
"Fresnillo","Zacatecas","ISSSTE","ZSIST000032","0"
"Hgz 2 Fresnillo","Zacatecas","IMSS","ZSIMS000090","0"
"Hgz 6 Cd.juárez","Chihuahua","IMSS","CHIMS000293","0"
"Hgz 35 Cd.juárez","Chihuahua","IMSS","CHIMS000305","0"
"Hospital de La Mujer","Chihuahua","SSA","CHSSA001796","0"
"9/o. Regimiento de Caballería Motorizado","Chihuahua","SEDENA","CHSDN000031","0"
"Hospital Infantil de Especialidades de Ciudad Juárez","Chihuahua","SSA","CHSSA018012","0"
"Cd. Juarez","Chihuahua","ISSSTE","CHIST000112","0"
"62/o. Batallón de Infantería","Durango","SEDENA","DGSDN000072","0"
"Hospital General de Durango","Durango","SSA","DGSSA000191","0"
"Hospital General de Reforma","Chiapas","SSA","CSSSA009186","0"
"19 Pichucalco","Chiapas","SSA","CSSSA009466","0"
"Hgz 8 Caborca","Sonora","IMSS","SRIMS000116","0"
"Hgz 2 Tulancingo","Hidalgo","IMSS","HGIMS000181","0"
"Hospital General de Tulancingo","Hidalgo","SSA","HGSSA018000","0"
"Tamazunchale","San Luis Potosí","ISSSTE","SPIST000142","0"
"Axtla de Terrazas","San Luis Potosí","IMSS-BIENESTAR","SPIMO002475","0"
"HG Hospital General San Fernando","Tamaulipas","SSA","TSSSA002192","0"
"Hgsmf 2 Cozumel","Quintana Roo","IMSS","QRIMS000014","0"
"Cd. Cancun","Quintana Roo","ISSSTE","QRIST000055","0"
"Hgr 17 Cancun","Quintana Roo","IMSS","QRIMS000142","0"
"Hospital Comunitario de Tulum","Quintana Roo","SSA","QRSSA001860","0"
"Hospital General de Playa del Carmen","Quintana Roo","SSA","QRSSA018001","0"
"Hgzmf 6 Ocotlan","Jalisco","IMSS","JCIMS000651","0"
"Hospital Comunitario Jocotepec","Jalisco","SSA","JCSSA009364","0"
"Hospital Comunitario Atotonilco El Alto Madre María Luisita de La Peña Navarro","Jalisco","SSA","JCSSA013762","0"
"Hospital Regional de La Barca","Jalisco","SSA","JCSSA013815","0"
"Hgzmf 21 Leon","Guanajuato","IMSS","GTIMS000243","0"
"Hospital Comunitario Las Joyas","Guanajuato","SSA","GTSSA005613","0"
"Hospital de Especialidad Materno Infantil de León","Guanajuato","SSA","GTSSA002096","0"
"Leon","Guanajuato","ISSSTE","GTIST000091","0"
"19","Guanajuato","SSA","GTSSA002101","0"
"Hospital Infantil de Tamaulipas","Tamaulipas","SSA","TSSSA002793","0"
"HG Hospital General Civil Ciudad Victoria Dr. José Macías Hernández","Tamaulipas","SSA","TSSSA002805","0"
"Hgzmf 1 Cd. Víctoria","Tamaulipas","IMSS","TSIMS000380","0"
"Hospital General Dr. Norberto Treviño Zapata","Tamaulipas","SSA","TSSSA002810","0"
"Cd. Victoria","Tamaulipas","ISSSTE","TSIST000153","0"
"Hospital Naval de Tampico","Tamaulipas","SEMAR","TSSMA000032","0"
"Hospital Militar Regional de Tampico Tamps.","Tamaulipas","SEDENA","TSSDN000014","0"
"Tampico","Tamaulipas","ISSSTE","TSIST000182","0"
"Hospital General de Tampico Dr. Carlos Canseco","Tamaulipas","SSA","TSSSA005151","0"
"HG Hospital General Civil Ciudad Madero","Tamaulipas","SSA","TSSSA000401","0"
"Hgr 6 Cd. Madero","Tamaulipas","IMSS","TSIMS000071","0"
"Zacatecas","Zacatecas","ISSSTE","ZSIST000160","0"
"Hgz 1 Zacatecas","Zacatecas","IMSS","ZSIMS000353","0"
"Hospital Militar de Zona de Guadalupe Zac.","Zacatecas","SEDENA","ZSSDN000016","0"
"Hospital General Zacatecas","Zacatecas","SSA","ZSSSA000502","0"
"Monclova","Coahuila de Zaragoza","ISSSTE","CLIST000065","0"
"Hospital General Monclova Amparo Pape de Benavides","Coahuila de Zaragoza","SSA","CLSSA002710","0"
"Hgzmf 7 Monclova","Coahuila de Zaragoza","IMSS","CLIMS000111","0"
"H.g. Valle de Bravo","México","SSA","MCSSA007982","0"
"Hgzmf 4 Iguala","Guerrero","IMSS","GRIMS000112","0"
"Dr. Jorge Soberon Acevedo","Guerrero","SSA","GRSSA004490","0"
"Iguala de La Independencia","Guerrero","ISSSTE","GRIST000153","0"
"Hgsmf 5 Taxco","Guerrero","IMSS","GRIMS000182","0"
"Hospital Integral de Tlanchinol","Hidalgo","SSA","HGSSA015503","0"
"Hospital Regional  Yahualica","Jalisco","SSA","JCSSA006890","0"
"Hospital Regional Tepatitlan","Jalisco","SSA","JCSSA005584","0"
"H.g. Jilotepec","México","SSA","MCSSA010053","0"
"Hgs 13 Cd. Acuña","Coahuila de Zaragoza","IMSS","CLIMS000012","0"
"Hospital Comunitario de Tenosique","Tabasco","SSA","TCSSA004716","0"
"18/o. Regimiento  Caballería Motorizado","Tabasco","SEDENA","TCSDN000081","0"
"Hgz 67 Apodaca","Nuevo León","IMSS","NLIMS000636","0"
"Hospital General de Juarez","Nuevo León","SSA","NLSSA004985","0"
"Poza Rica de Hidalgo","Veracruz de Ignacio de La Llave","ISSSTE","VZIST000226","0"
"Hgz 24 Poza Rica","Veracruz de Ignacio de La Llave","IMSS","VZIMS000832","0"
"Hospital General Papantla Dr. José Buil Belenguer","Veracruz de Ignacio de La Llave","SSA","VZSSA004370","0"
"Hospital Regional de Alta Especialidad Dr.ignacio Morones Prieto","San Luis Potosí","SSA","SPSSA003482","0"
"Hospital del Niño Y La Mujer Dr. Alberto López Hermosa","San Luis Potosí","SSA","SPSSA017301","0"
"Hospital Militar Regional de San Luis Potosí Slp.","San Luis Potosí","SEDENA","SPSDN000015","0"
"San Luis Potosi","San Luis Potosí","ISSSTE","SPIST000113","0"
"Hospital General Calvillo","Aguascalientes","SSA","ASSSA000404","0"
"H.g. Chimalhuacán","México","SSA","MCSSA002020","0"
"H.g. Texcoco Guadalupe Victoria Bicentenario","México","SSA","MCSSA018412","0"
"Hospital Básico Comunitario Huehuetla","Hidalgo","SSA","HGSSA015561","0"
"19 (extensión Hospital Huehuetla)","Hidalgo","SSA","HGSSA005044","0"
"Hospital Regional Otomi Tepehua","Hidalgo","SSA","HGSSA002751","0"
"Patzcuaro","Michoacán de Ocampo","ISSSTE","MNIST000144","0"
"Hospital General Patzcuaro","Michoacán de Ocampo","SSA","MNSSA005280","0"
"Hospital General de Tacambaro Maria Zendejas","Michoacán de Ocampo","SSA","MNSSA002965","0"
"Nocupetaro","Michoacán de Ocampo","SSA","MNSSA016516","0"
"Hgzmf 2 Zacapu","Michoacán de Ocampo","IMSS","MNIMS000494","0"
"Zacapu","Michoacán de Ocampo","ISSSTE","MNIST000214","0"
"Hospital General Zacapu","Michoacán de Ocampo","SSA","MNSSA005275","0"
"Troncoso","Ciudad de México","IMSS","DFIMS000312","0"
"Hospital Comunitario El Grullo","Jalisco","SSA","JCSSA002113","0"
"Hgzmf 20 Autlan Navarro","Jalisco","IMSS","JCIMS000103","0"
"Hospital Regional de Autlan","Jalisco","SSA","JCSSA000631","0"
"Hospital Comunitario Cihuatlan","Jalisco","SSA","JCSSA001261","0"
"Hospital Comunitario La Huerta","Jalisco","SSA","JCSSA002632","0"
"San Cristobal de Las Casas","Chiapas","ISSSTE","CSIST000193","0"
"Hospital General Regional No. 200","México","IMSS","MCIMS001171","0"
"6/o. Grupo de Moteros","Ciudad de México","SEDENA","DFSDN000120","0"
"Instituto Nacional de Perinatología Isidro Espinosa de Los Reyes","Ciudad de México","SSA/CC","DFSSA004096","0"
"Tacuba","Ciudad de México","ISSSTE","DFIST000534","0"
"Hgzmf 8 Cd. Sahagun","Hidalgo","IMSS","HGIMS000111","0"
"Hospital Regional Atlacomulco Issemym","México","SME","MCSME000781","0"
"Hospital General Atlacomulco","México","SSA","MCSSA010123","0"
"Hospital Naval de Mazatlan","Sinaloa","SEMAR","SLSMA000022","0"
"Mazatlan","Sinaloa","ISSSTE","SLIST000196","0"
"Hospital Integral Concordia","Sinaloa","SSA","SLSSA000473","0"
"Hospital General Escuinapa","Sinaloa","SSA","SLSSA018253","0"
"Hospital Integral de El Rosario","Sinaloa","SSA","SLSSA001873","0"
"Lic. Adolfo Lopez Mateos","Ciudad de México","ISSSTE","DFIST000201","0"
"Dr. Fernando Quiroz Gutierrez","Ciudad de México","ISSSTE","DFIST000196","0"
"Hospital General de Zona No. 3","Aguascalientes","IMSS","ASIMS000161","0"
"Hospital General Tercer Milenio","Aguascalientes","SSA","ASSSA000030","0"
"4/o. Regimiento Mecanizado","Aguascalientes","SEDENA","ASSDN000046","0"
"Aguascalientes","Aguascalientes","ISSSTE","ASIST000016","0"
"Hgz 1 Aguascalientes","Aguascalientes","IMSS","ASIMS000021","0"
"Hgz 2 Aguascalientes","Aguascalientes","IMSS","ASIMS000016","0"
"Hi Coahuayana","Michoacán de Ocampo","SSA","MNSSA000462","0"
"Hc Maruata","Michoacán de Ocampo","SSA","MNSSA016550","0"
"3/er. Regimiento Blindado de Reconocimiento","Morelos","SEDENA","MSSDN000072","0"
"Hospital General Lázaro Cárdenas","Michoacán de Ocampo","SSA","MNSSA001722","0"
"Hi Arteaga","Michoacán de Ocampo","SSA","MNSSA000310","0"
"Hospital General Xoco","Ciudad de México","SSA","DFSSA003162","0"
"Hgr 180 Tlajomulco","Jalisco","IMSS","JCIMS001392","0"
"Hospital General San Carlos","Yucatán","SSA","YNSSA001224","0"
"Hospital de Especialidades de Chetumal","Quintana Roo","SSA","QRSSA001843","0"
"Hospital Militar Zona de Chetumal Q. Roo","Quintana Roo","SEDENA","QRSDN000015","0"
"Chetumal","Quintana Roo","ISSSTE","QRIST000043","0"
"Hgzmf 1 Chetumal","Quintana Roo","IMSS","QRIMS000031","0"
"Hgzmf 8 Zihuatanejo","Guerrero","IMSS","GRIMS000124","0"
"Zitacuaro","Michoacán de Ocampo","ISSSTE","MNIST000231","0"
"Hg Zitacuaro","Michoacán de Ocampo","SSA","MNSSA004044","0"
"Hg Ciudad Hidalgo","Michoacán de Ocampo","SSA","MNSSA016492","0"
"Hc Tuzantla","Michoacán de Ocampo","SSA","MNSSA016504","0"
"Hgzmf 6 S.nicolas Garza","Nuevo León","IMSS","NLIMS000525","0"
"Hospital General del Valle del Mezquital Ixmiquilpan","Hidalgo","SSA","HGSSA001590","0"
"Ixmiquilpan","Hidalgo","ISSSTE","HGIST000065","0"
"Hospital Integral Jacala","Hidalgo","SSA","HGSSA001795","0"
"Apatzingan de La Constitucion","Michoacán de Ocampo","ISSSTE","MNIST000016","0"
"Enfermería Militar de Apatzingan Mich.","Michoacán de Ocampo","SEDENA","MNSDN000010","0"
"30/o. Batallón de Infantería","Michoacán de Ocampo","SEDENA","MNSDN000080","0"
"Hg Apatzingan","Michoacán de Ocampo","SSA","MNSSA017400","0"
"Hi Nueva Italia","Michoacán de Ocampo","SSA","MNSSA002142","0"
"Hospital Comunitario de La Huacana","Michoacán de Ocampo","SSA","MNSSA016545","0"
"Hospital de Tlapa","Guerrero","SSA","GRSSA008101","0"
"Hospital Basico Comunitario de Tecuala","Nayarit","SSA","NTSSA016072","0"
"Hgzmf 10 S. Ixcuintla","Nayarit","IMSS","NTIMS000144","0"
"Hospital General Santiago Ixcuintla","Nayarit","SSA","NTSSA002166","0"
"Hospital Integral Acaponeta","Nayarit","SSA","NTSSA000013","0"
"Hospital General Rosamorada","Nayarit","SSA","NTSSA000800","0"
"Hgzmf 5 Zacatepec","Morelos","IMSS","MSIMS000235","0"
"Hg de Jojutla Dr. Ernesto Meana San Román","Morelos","SSA","MSSSA000961","0"
"Tuxtla (u.n.e.m.e. Cirugía Ambulatoria Y Torre de Diagnóstico)","Chiapas","SSA","CSSSA019534","0"
"Hospital Militar Regional de Tuxtla Gtz. Chis.","Chiapas","SEDENA","CSSDN000013","0"
"Hospital Chiapas Nos Une Dr. Jesus Gilberto Gomez Maza","Chiapas","SSA","CSSSA019954","0"
"Hgz 2 Tuxtla Gutiérrez","Chiapas","IMSS","CSIMS000251","0"
"Hospital General de Zacatlán","Puebla","SSA","PLSSA015551","0"
"Hgz 32 Villa Coapa","Ciudad de México","IMSS","DFIMS000126","0"
"Hgr 2 Villa Coapa","Ciudad de México","IMSS","DFIMS000814","0"
"Villa Ocaranza","Hidalgo","SSA","HGSSA003941","0"
"Hgs 33 Tizayuca","Hidalgo","IMSS","HGIMS000135","0"
"Hgs 22 N.casas Grandes","Chihuahua","IMSS","CHIMS000450","0"
"Hospital Obstetrico Pachuca","Hidalgo","SSA","HGSSA002425","0"
"Pachuca (dr. Jesús del Rosal)","Hidalgo","SSA","HGSSA002570","0"
"Dra. Columba Rivera Osorio","Hidalgo","ISSSTE","HGIST000106","0"
"Hgzmf 1 Pachuca","Hidalgo","IMSS","HGIMS000082","0"
"19 (extensión Hospital Pachuca)","Hidalgo","SSA","HGSSA005020","0"
"Hgzmf 5 Tula de Hidalgo","Hidalgo","IMSS","HGIMS000164","0"
"Hospital de La Mujer","Michoacán de Ocampo","SSA","MNSSA001862","0"
"H Psiquiátrico Dr. José Torres Orozco","Michoacán de Ocampo","SSA","MNSSA001903","0"
"Hgz 83 Morelia","Michoacán de Ocampo","IMSS","MNIMS000593","0"
"Hg Maravatio","Michoacán de Ocampo","SSA","MNSSA016475","0"
"Hgr 1 Charo","Michoacán de Ocampo","IMSS","MNIMS000605","0"
"Dr. Baudelio Villanueva","Tamaulipas","ISSSTE","TSIST000100","0"
"Hospital General Materno Infantil de Reynosa","Tamaulipas","SSA","TSSSA018070","0"
"19/o. Regimiento de Caballería Motorizado","Tamaulipas","SEDENA","TSSDN000096","0"
"Hgz 15 Cd. Reynosa","Tamaulipas","IMSS","TSIMS000310","0"
"Hospital General Reynosa Dr. José María Cantú Garza","Tamaulipas","SSA","TSSSA001772","0"
"28/o. Batallón de Infantería","Baja California","SEDENA","BCSDN000053","0"
"Fray Junipero Serra","Baja California","ISSSTE","BCIST000093","0"
"Hgr 20 Tijuana","Baja California","IMSS","BCIMS000262","0"
"Hospital General de Zona No 33","Nayarit","IMSS","NTIMS000342","0"
"Hospital General San Francisco","Nayarit","SSA","NTSSA002084","0"
"Hospital Integral Ixtlán del Río","Nayarit","SSA","NTSSA000474","0"
"Hospital Básico Comunitario de Compostela","Nayarit","SSA","NTSSA016060","0"
"Hospital Basico Comunitario Las Varas","Nayarit","SSA","NTSSA016084","0"
"Matehuala","San Luis Potosí","ISSSTE","SPIST000084","0"
"Matehuala","San Luis Potosí","IMSS-BIENESTAR","SPIMO000732","0"
"Hospital General de Matehuala","San Luis Potosí","SSA","SPSSA002992","0"
"Charcas","San Luis Potosí","IMSS-BIENESTAR","SPIMO000546","0"
"Hospital Militar Regional de Chilpancingo Gro.","Guerrero","SEDENA","GRSDN000026","0"
"50/o. Batallón de Infantería","Guerrero","SEDENA","GRSDN000183","0"
"Hgsmf 3 Chilpancingo","Guerrero","IMSS","GRIMS000100","0"
"Chilpancingo de Los Bravo","Guerrero","ISSSTE","GRIST000112","0"
"Hospital Mixto Jesús María","Nayarit","SSA","NTSSA000660","0"
"Hgz 1 Tepic","Nayarit","IMSS","NTIMS000190","0"
"Dr. Aquiles Calles Ramirez","Nayarit","ISSSTE","NTIST000120","0"
"Hospital Integral Puente de Camotlán","Nayarit","SSA","NTSSA015425","0"
"Hgs 7 La Piedad","Michoacán de Ocampo","IMSS","MNIMS000260","0"
"Hg La Piedad","Michoacán de Ocampo","SSA","MNSSA016533","0"
"Hospital General Puruandiro","Michoacán de Ocampo","SSA","MNSSA016480","0"
"Hospital Comunitario Jaral del Progreso","Guanajuato","SSA","GTSSA017426","0"
"Hospital Comunitario Moroleón","Guanajuato","SSA","GTSSA017443","0"
"Hospital Comunitario Yuriria","Guanajuato","SSA","GTSSA017431","0"
"Hospital General Salamanca","Guanajuato","SSA","GTSSA003233","0"
"Hgzmf 3 Salamanca","Guanajuato","IMSS","GTIMS000330","0"
"Hospital General Valle de Santiago","Guanajuato","SSA","GTSSA017385","0"
"Hospital General Uriangato","Guanajuato","SSA","GTSSA004650","0"
"Hospital General Bicentenario Villaflores","Chiapas","SSA","CSSSA018875","0"
"Hgzmf 2 Salina Cruz","Oaxaca","IMSS","OCIMS000170","0"
"Hg Juchitan Dr. Macedonio Benitez Fuentes","Oaxaca","SSA","OCSSA007693","0"
"Hc San Pedro Tapanatepec","Oaxaca","SSA","OCSSA003826","0"
"Hc San Pedro Huamelula","Oaxaca","SSA","OCSSA021256","0"
"Hg María Lombardo de Caso","Oaxaca","SSA","OCSSA002320","0"
"Hg Ciudad Ixtepec","Oaxaca","SSA","OCSSA016764","0"
"Enfermería Militar de Ixtepec Oax.","Oaxaca","SEDENA","OCSDN000014","0"
"Hg Tehuantepec","Oaxaca","SSA","OCSSA018473","0"
"Tehuantepec","Oaxaca","ISSSTE","OCIST000252","0"
"Irapuato","Guanajuato","ISSSTE","GTIST000086","0"
"Hgzmf 2 Irapuato","Guanajuato","IMSS","GTIMS000185","0"
"8/o. Regimiento Blindado de Reconocimiento","Guanajuato","SEDENA","GTSDN000104","0"
"Hospital Materno Infantil Irapuato","Guanajuato","SSA","GTSSA017542","0"
"Hospital Militar Regional de Irapuato Gto.","Guanajuato","SEDENA","GTSDN000010","0"
"Hospital General Irapuato","Guanajuato","SSA","GTSSA001652","0"
"Hospital General Pénjamo","Guanajuato","SSA","GTSSA002760","0"
"Hospital Comunitario Abasolo","Guanajuato","SSA","GTSSA017344","0"
"Hospital Comunitario Huanimaro","Guanajuato","SSA","GTSSA001623","0"
"Centro de Rehabilitación e Inclusión Infantil Teletón Nezahualcóyotl","México","SMP","MCSMP000931","0"
"Hospital General La Perla Nezahualcoyotl","México","SSA","MCSSA010292","0"
"H.g. Dr. Gustavo Baz Prada","México","SSA","MCSSA004231","0"
"Hgz 53 Los Reyes Paz","México","IMSS","MCIMS000676","0"
"Hc Nejapa de Madero","Oaxaca","SSA","OCSSA019996","0"
"Hc Ixtlan de Juárez","Oaxaca","SSA","OCSSA000594","0"
"Hc Tamazulapan","Oaxaca","SSA","OCSSA000384","0"
"Hospital Integral de Xicotepec","Puebla","SSA","PLSSA009283","0"
"Huauchinango","Puebla","ISSSTE","PLIST000072","0"
"Hgz 3 Tuxtepec","Oaxaca","IMSS","OCIMS000182","0"
"Hc Hospital Integral Comunitario Chalcatongo","Oaxaca","SSA","OCSSA000343","0"
"Huajuapan de Leon","Oaxaca","ISSSTE","OCIST000042","0"
"Hg Huajuapan Enf. María del Pilar Sánchez Villavicencio","Oaxaca","SSA","OCSSA000524","0"
"Hc Tamazola","Oaxaca","SSA","OCSSA019132","0"
"Hc Nochixtlan","Oaxaca","SSA","OCSSA000121","0"
"Hg Putla Amigo del Niño Y de La Madre","Oaxaca","SSA","OCSSA020655","0"
"Hospital Comunitario Moctezuma","Sonora","SSA","SRSSA001612","0"
"Hospital Militar Regional de Hermosillo Son.","Sonora","SEDENA","SRSDN000011","0"
"Hgz 2 Hermosillo","Sonora","IMSS","SRIMS000413","0"
"24/o. Batallon de Infanteria","Sonora","SEDENA","SRSDN000192","0"
"Dr. Fernando Ocaranza","Sonora","ISSSTE","SRIST000133","0"
"San Luis Rio Colorado","Sonora","ISSSTE","SRIST000203","0"
"Hospital Integral de Puerto Peñasco","Sonora","SSA","SRSSA017666","0"
"Hgz 3 S. Juan del Rio","Querétaro","IMSS","QTIMS000186","0"
"Huejutla de Reyes","Hidalgo","ISSSTE","HGIST000041","0"
"19 (extensión Hospital Huejutla)","Hidalgo","SSA","HGSSA005032","0"
"Hospital Integral Atlapexco","Hidalgo","SSA","HGSSA000511","0"
"5 de Diciembre","Baja California","ISSSTE","BCIST000040","0"
"Hospital General de Mexicali","Baja California","SSA","BCSSA000440","0"
"HG de Axochiapan Dr. Ángel Ventura Neri","Morelos","SSA","MSSSA000080","0"
"Dr. Rafael Barba Ocampo","Morelos","ISSSTE","MSIST000025","0"
"6/o. Regimiento de Artillería","Oaxaca","SEDENA","OCSDN000224","0"
"Cd. del Carmen","Campeche","ISSSTE","CCIST000033","0"
"Hgzmf 4 Cd. Carmen","Campeche","IMSS","CCIMS000045","0"
"H.g. Ma. Socorro Quiroga Aguilar","Campeche","SSA","CCSSA000363","0"
"Hospital General Ometepec","Guerrero","SSA","GRSSA005762","0"
"Hospital Regional Cocula","Jalisco","SSA","JCSSA001401","0"
"Hospital Regional de Ameca","Jalisco","SSA","JCSSA000165","0"
"Hgzmf 26 Tala","Jalisco","IMSS","JCIMS000803","0"
"Hospital Regional de Magdalena","Jalisco","SSA","JCSSA003496","0"
"Hospital General Miguel Hidalgo Y Costilla Bicentenario","México","SSA","MCSSA005730","0"
"Enfermería Militar de San Miguel de Los Jagueyes Mex.","México","SEDENA","MCSDN000035","0"
"Orizaba","Veracruz de Ignacio de La Llave","ISSSTE","VZIST000173","0"
"Hospital Regional Río Blanco","Veracruz de Ignacio de La Llave","SSA","VZSSA004860","0"
"Hospital General Virginia Ayala de Garza","Nuevo León","SSA","NLSSA003911","0"
"Hospital General Actopan","Hidalgo","SSA","HGSSA000156","0"
"19 (extensión Hospital Actopan)","Hidalgo","SSA","HGSSA005056","0"
"Hospital Integral Cinta Larga","Hidalgo","SSA","HGSSA002162","0"
"Hospital General de Ríoverde","San Luis Potosí","SSA","SPSSA000945","0"
"Rioverde","San Luis Potosí","ISSSTE","SPIST000096","0"
"H.g. Valentín Gómez Farías (san Francisco Zentlalpan)","México","SSA","MCSSA018750","0"
"Zoquiapan Dr. Pedro López","México","SSA","MCSSA002761","0"
"6/o. Batallón de Fuerzas Especiales","México","SEDENA","MCSDN000390","0"
"Hospital Regional Valle de Chalco Solidaridad Issemym","México","SME","MCSME000776","0"
"H.g. Dr. Fernando Quiroz Gutiérrez","México","SSA","MCSSA008945","0"
"Hgz 71 Chalco","México","IMSS","MCIMS000145","0"
"Hospital General Ixtlahuaca Valentin Gómez Farías","México","SSA","MCSSA002872","0"
"Hospital General San Felipe del Progreso","México","SSA","MCSSA005095","0"
"Instituto Nacional de Rehabilitación","Ciudad de México","SSA/CC","DFSSA003956","0"
"Hospital General Torre Médica Tepepan","Ciudad de México","SSA","DFSSA002672","0"
"Instituto Nacional de Cancerología","Ciudad de México","SSA/CC","DFSSA004043","0"
"Zimapan","Hidalgo","ISSSTE","HGIST000362","0"
"Hgzmf 2 Saltillo","Coahuila de Zaragoza","IMSS","CLIMS000333","0"
"Dr. Jose Ma. Rodriguez","Coahuila de Zaragoza","ISSSTE","CLIST000106","0"
"Hgz 1 Saltillo","Coahuila de Zaragoza","IMSS","CLIMS000321","0"
"Hospital General de Saltillo","Coahuila de Zaragoza","SSA","CLSSA002734","0"
"Hospital Comunitario de San Juan de Los Lagos","Jalisco","SSA","JCSSA013045","0"
"Hospital Comunitario Teocaltiche","Jalisco","SSA","JCSSA005461","0"
"Hospital Comunitario Encarnación de Diaz","Jalisco","SSA","JCSSA001990","0"
"Hospital General de Lagos de Moreno","Jalisco","SSA","JCSSA003250","0"
"Hgz 7 Lagos de Moreno","Jalisco","IMSS","JCIMS001264","0"
"Hospital Comunitario Ojuelos","Jalisco","SSA","JCSSA003986","0"
"Hidalgo del Parral","Chihuahua","ISSSTE","CHIST000095","0"
"Hospital General de Parral","Chihuahua","SSA","CHSSA018444","0"
"Hgzmf 23 Hidalgo Parral","Chihuahua","IMSS","CHIMS000276","0"
"Piedras Negras","Coahuila de Zaragoza","ISSSTE","CLIST000094","0"
"Hospital General Piedras Negras  Dr Salvador Chavarria Sanchez.","Coahuila de Zaragoza","SSA","CLSSA002763","0"
"Hgz 11 Piedras Negras","Coahuila de Zaragoza","IMSS","CLIMS000251","0"
"Hospital General María Ignacia Gandulfo Comitan","Chiapas","SSA","CSSSA001030","0"
"Comitan de Dominguez","Chiapas","ISSSTE","CSIST000065","0"
"Hospital Regional de  Xalapa  Dr. Luis F.  Nachon","Veracruz de Ignacio de La Llave","SSA","VZSSA002970","0"
"Hgz 11 Jalapa","Veracruz de Ignacio de La Llave","IMSS","VZIMS000564","0"
"Xalapa","Veracruz de Ignacio de La Llave","ISSSTE","VZIST000120","0"
"Dr. Ismael Vazquez Ortiz","Querétaro","ISSSTE","QTIST000046","0"
"Hospital de La Santa Cruz S.a. de C.v.","Querétaro","SMP","QTSMP000215","0"
"Cessa Maximiliano Dorantes","Tabasco","SSA","TCSSA001245","0"
"Hospital Regional de Alta Especialidad de La Mujer","Tabasco","SSA","TCSSA001076","0"
"Hospital Militar de Zona de Villahermosa Tab.","Tabasco","SEDENA","TCSDN000011","0"
"Hospital General Tecomán Dr. José F. Rivas Guzmán","Colima","SSA","CMSSA001023","0"
"Hospital General Huichapan","Hidalgo","SSA","HGSSA001503","0"
"Unidad Médica Regional de Atención A La Gestación Y Al Neonato","Hidalgo","SSA","HGSSA005003","0"
"Hgz 4 Guaymas","Sonora","IMSS","SRIMS000314","0"
"Guaymas","Sonora","ISSSTE","SRIST000104","0"
"Hgr1 C.obregon","Sonora","IMSS","SRIMS000145","0"
"Hgr 220 Toluca","México","IMSS","MCIMS000816","0"
"Hospital Para El Niño Imiem","México","SME","MCSME000011","0"
"Centro Médico Lic. Adolfo López Mateos","México","SSA","MCSSA010222","0"
"H.g. Dr. Nicolás San Juan","México","SSA","MCSSA007661","0"
"8/o. Regimiento Mecanizado","México","SEDENA","MCSDN000414","0"
"Hospital Materno Infantil de Coatzacoalcos","Veracruz de Ignacio de La Llave","SSA","VZSSA008290","0"
"Coatzacoalcos","Veracruz de Ignacio de La Llave","ISSSTE","VZIST000062","0"
"Hgzmf 32 Minatitlan","Veracruz de Ignacio de La Llave","IMSS","VZIMS000680","0"
"Hospital General de Minatitlan","Veracruz de Ignacio de La Llave","SSA","VZSSA003595","0"
"Cd. Guzman","Jalisco","ISSSTE","JCIST000045","0"
"Hospital Regional de Ciudad Guzman","Jalisco","SSA","JCSSA001326","0"
"Hgzmf 9 Cd. Guzman","Jalisco","IMSS","JCIMS000190","0"
"Hospital Comunitario Sayula","Jalisco","SSA","JCSSA004930","0"
"Hospital General Córdoba Yanga","Veracruz de Ignacio de La Llave","SSA","VZSSA001355","0"
"Hgz 8 Cordoba","Veracruz de Ignacio de La Llave","IMSS","VZIMS000296","0"
"Hospital General Ixtapan de La Sal","México","SSA","MCSSA010251","0"
"Hospital Regional Tenancingo Issemym","México","SME","MCSME000752","0"
"H.g. Tenancingo","México","SSA","MCSSA006430","0"
"Hosp. Gral. Renacimiento","Guerrero","SSA","GRSSA000034","0"
"Hgz 36 José Cardel","Veracruz de Ignacio de La Llave","IMSS","VZIMS000144","0"
"Enfermería Militar La Boticaria Ver.","Veracruz de Ignacio de La Llave","SEDENA","VZSDN000010","0"
"83/o. Batallón de Infantería","Veracruz de Ignacio de La Llave","SEDENA","VZSDN000174","0"
"Ricardo Flores Magon","Michoacán de Ocampo","ISSSTE","MNIST000103","0"
"Cd. Obregon","Sonora","ISSSTE","SRIST000046","0"
"Hg Los Reyes","Michoacán de Ocampo","SSA","MNSSA016521","0"
"Hospital de Especialidades  Pediatrico León","Guanajuato","SSA","GTSSA017525","0"
"Hgzmf 2 Monterrey","Nuevo León","IMSS","NLIMS000373","0"
"Hospital General Yajalón Dr. Jose Manuel Velasco Siles","Chiapas","SSA","CSSSA009232","0"
"Tehuacan","Puebla","ISSSTE","PLIST000154","0"
"Hgz 15 Tehuacan","Puebla","IMSS","PLIMS000405","0"
"Hospital General Tehuacan","Puebla","SSA","PLSSA003663","0"
"Sahuayo","Michoacán de Ocampo","ISSSTE","MNIST000185","0"
"Hg Sahuayo","Michoacán de Ocampo","SSA","MNSSA002813","0"
"Hgz 4 Zamora","Michoacán de Ocampo","IMSS","MNIMS000506","0"
"Zamora","Michoacán de Ocampo","ISSSTE","MNIST000226","0"
"Hospital Santa Cecilia de Monterrey","Nuevo León","SMP","NLSMP000740","0"
"Constitucion","Nuevo León","ISSSTE","NLIST000093","0"
"Clínica de Atención Integral Tierra y Libertad","Nuevo León","SSA","NLSSA003590","0"
"Hgz 33 Felix U. Gomez","Nuevo León","IMSS","NLIMS000361","0"
"Hospital General de Acatlán de Osorio","Puebla","SSA","PLSSA008572","0"
"Hospital General Tecamachalco","Puebla","SSA","PLSSA016893","0"
"Hgz 6 Cd. Valles","San Luis Potosí","IMSS","SPIMS000072","0"
"Cd. Valles","San Luis Potosí","ISSSTE","SPIST000055","0"
"Hospital Integral Badiraguato","Sinaloa","SSA","SLSSA000246","0"
"Hgzmf 28 Costa Rica","Sinaloa","IMSS","SLIMS000184","0"
"Hospital Integral Valle de San Lorenzo","Sinaloa","SSA","SLSSA017582","0"
"Hospital General El Dorado","Sinaloa","SSA","SLSSA018265","0"
"Hospital Pediátrico de Sinaloa","Sinaloa","SSA","SLSSA002556","0"
"Dr. Manuel Cardenas de La Vega","Sinaloa","ISSSTE","SLIST000085","0"
"Hospital Integral Navolato","Sinaloa","SSA","SLSSA002491","0"
"Hgsmf 4 Navolato","Sinaloa","IMSS","SLIMS000435","0"
"3/er. Regimiento Blindado de Reconocimiento","Morelos","SEDENA","MSSDN000060","0"
"Hospital del Niño Morelense","Morelos","SSA","MSSSA002863","0"
"11/o. Batallon de Infanteria","Yucatán","SEDENA","YNSDN000072","0"
"Clínica Hospital Mérida","Yucatán","ISSSTE","YNIST000170","0"
"7/o. Batallon de Ingenieros de Combate","Yucatán","SEDENA","YNSDN000084","0"
"Hgr 12 Benito Juárez","Yucatán","IMSS","YNIMS000095","0"
"Hospital Militar Regional de Mérida Yuc.","Yucatán","SEDENA","YNSDN000014","0"
"Nueva Rosita","Coahuila de Zaragoza","ISSSTE","CLIST000193","0"
"Hgzmf 24 Nueva Rosita","Coahuila de Zaragoza","IMSS","CLIMS000391","0"
"Cd. Sabinas","Coahuila de Zaragoza","ISSSTE","CLIST000181","0"
"Navojoa","Sonora","ISSSTE","SRIST000162","0"
"Hospital General Navojoa","Sonora","SSA","SRSSA001670","0"
"Hgz 3 Navojoa","Sonora","IMSS","SRIMS000541","0"
"Hospital General del Bajo Rio Mayo","Sonora","SSA","SRSSA018313","0"
"San Pedro de Las Colonias","Coahuila de Zaragoza","ISSSTE","CLIST000111","0"
"Hgzmf 32 Guasave","Sinaloa","IMSS","SLIMS000271","0"
"Hospital Integral de Sinaloa de Leyva","Sinaloa","SSA","SLSSA002136","0"
"Hgz 3 Mante","Tamaulipas","IMSS","TSIMS000182","0"
"Cd. Mante","Tamaulipas","ISSSTE","TSIST000054","0"
"Hg Hospital General de Cd. Mante Dr. Emilio Martínez Manautou","Tamaulipas","SSA","TSSSA018000","0"
"4/o. Batallón de Ingenieros de Combate","Jalisco","SEDENA","JCSDN000186","0"
"Enfermería Militar de Zapopan Jal.","Jalisco","SEDENA","JCSDN000034","0"
"Hospital Ángel Leaño","Jalisco","SSA","JCSSA008466","0"
"Hgzmf 6 Tepeji del Rio","Hidalgo","IMSS","HGIMS000123","0"
"C.s. C/ Hospitalización Adán G. Velarde","Baja California Sur","SSA","BSSSA000192","0"
"Santa Rosalia","Baja California Sur","ISSSTE","BSIST000043","0"
"Hgs 5 Guerrero Negro","Baja California Sur","IMSS","BSIMS000072","0"
"Ensenada","Baja California","ISSSTE","BCIST000011","0"
"HGS 12 San Luis R. Colorado","Baja California","IMSS","BCIMS000064","0"
"2/o. Regimiento Caballería Motorizado","Baja California","SEDENA","BCSDN000041","0"
"Hospital General de Ensenada","Baja California","SSA","BCSSA000015","0"
"Hgzmf 8 Ensenada","Baja California","IMSS","BCIMS000011","0"
"Cd. Cuauhtemoc","Chihuahua","ISSSTE","CHIST000025","0"
"Hgzmf 16 C. Cuauhtémoc","Chihuahua","IMSS","CHIMS000095","0"
"Hg Dr. Javier Ramírez Topete","Chihuahua","SSA","CHSSA000570","0"
"Hospital Comunitario Huejuquilla El Alto","Jalisco","SSA","JCSSA002562","0"
"Hospital Comunitario Colotlan","Jalisco","SSA","JCSSA001454","0"
"Hospital Rural Los Hernandez","San Luis Potosí","IMSS-BIENESTAR","SPIMO002651","0"
"Hgzmf 29 S. Juan Aragon","Ciudad de México","IMSS","DFIMS000230","0"
"Hospital General Salvatierra","Guanajuato","SSA","GTSSA006495","0"
"Hospital Comunitario Jerecuaro","Guanajuato","SSA","GTSSA001915","0"
"Hospital General de Metztitlán","Hidalgo","SSA","HGSSA017941","0"
"Hospital General Dr. Juan C. Corzo Tonalá","Chiapas","SSA","CSSSA007074","0"
"Hospital Nacional Homeopático","Ciudad de México","SSA/CC","DFSSA003990","0"
"Hgz 27 Tlatelolco","Ciudad de México","IMSS","DFIMS000621","0"
"Hes Cmn Siglo Xxi","Ciudad de México","IMSS","DFIMS000580","0"
"HI Hospital Integral Aldama","Tamaulipas","SSA","TSSSA000092","0"
"Hospital Comunitario San Diego de La Union","Guanajuato","SSA","GTSSA017501","0"
"Hospital Comunitario San Felipe","Guanajuato","SSA","GTSSA003600","0"
"Guanajuato","Guanajuato","ISSSTE","GTIST000074","0"
"Hospital General Guanajuato ´´dr. Valentín Gracia´´","Guanajuato","SSA","GTSSA001454","0"
"Hospital General Dolores Hidalgo ¨ Cuna de La Independencia Nacional¨","Guanajuato","SSA","GTSSA001290","0"
"Hospital General Pabellón de Arteaga","Aguascalientes","SSA","ASSSA000614","0"
"Hospital General Rincón de Romos","Aguascalientes","SSA","ASSSA000655","0"
"Cd. Delicias","Chihuahua","ISSSTE","CHIST000042","0"
"Hospital Militar Regional de Chihuahua Chih.","Chihuahua","SEDENA","CHSDN000026","0"
"23/o. Batallon de Infantería","Chihuahua","SEDENA","CHSDN000043","0"
"Presidente Gral. Lazaro Cardenas","Chihuahua","ISSSTE","CHIST000030","0"
"Hospital Militar Regional de Tuxpan Ver.","Veracruz de Ignacio de La Llave","SEDENA","VZSDN000022","0"
"Hospital General Tuxpan Dr. Emilio Alcazar","Veracruz de Ignacio de La Llave","SSA","VZSSA006815","0"
"39/o. Batallón de Infantería","Veracruz de Ignacio de La Llave","SEDENA","VZSDN000162","0"
"Tuxpan","Veracruz de Ignacio de La Llave","ISSSTE","VZIST000296","0"
"Zacatipan","Puebla","IMSS-BIENESTAR","PLIMO000551","0"
"Teziutlan","Puebla","ISSSTE","PLIST000171","0"
"Hgz 23 Teziutlan","Puebla","IMSS","PLIMS000446","0"
"Hospital Integral Zacapoaxtla","Puebla","SSA","PLSSA008281","0"
"Hc Santa Catarina Juquila","Oaxaca","SSA","OCSSA004152","0"
"Hc Santa Maria Huatulco","Oaxaca","SSA","OCSSA021133","0"
"Hgsmf 41 Huatulco","Oaxaca","IMSS","OCIMS000281","0"
"Hc Santos Reyes Nopala","Oaxaca","SSA","OCSSA020445","0"
"Hg Puerto Escondido","Oaxaca","SSA","OCSSA020030","0"
"Hg Pinotepa Pedro Espinoza Rueda","Oaxaca","SSA","OCSSA005383","0"
"Pinotepa Nacional","Oaxaca","ISSSTE","OCIST000240","0"
"Hc Río Grande","Oaxaca","SSA","OCSSA020684","0"
"Hg Pochutla","Oaxaca","SSA","OCSSA003715","0"
"Hc Valle Nacional","Oaxaca","SSA","OCSSA020025","0"
"Hc Temascal","Oaxaca","SSA","OCSSA020100","0"
"Hc Loma Bonita","Oaxaca","SSA","OCSSA019844","0"
"Hg Tuxtepec","Oaxaca","SSA","OCSSA002146","0"
"Tuxtepec","Oaxaca","ISSSTE","OCIST000165","0"
"Hospital General de Axapusco","México","SSA","MCSSA014143","0"
"Hospital Integral San Ignacio","Sinaloa","SSA","SLSSA017570","0"
"Hospital Integral Cosala","Sinaloa","SSA","SLSSA000572","0"
"Hospital General La Cruz","Sinaloa","SSA","SLSSA017594","0"
"Manzanillo","Colima","ISSSTE","CMIST000022","0"
"Hospital General de Zona No. 10","Colima","IMSS","CMIMS000133","0"
"Hospital General Torreón (Baja)","Coahuila de Zaragoza","SSA","CLSSA001614","0"
"Hgzmf 18 Torreon","Coahuila de Zaragoza","IMSS","CLIMS000444","0"
"Hgzmf 16 Torreon","Coahuila de Zaragoza","IMSS","CLIMS000432","0"
"Dr. Francisco Galindo Chavez","Coahuila de Zaragoza","ISSSTE","CLIST000123","0"
"Hospital Militar Regional de Puebla Pue.","Puebla","SEDENA","PLSDN000015","0"
"6/o. Regimiento Bilndado de Recnocimiento","Puebla","SEDENA","PLSDN000155","0"
"Hgz 57 La Quebrada","México","IMSS","MCIMS000874","0"
"H.g. José Vicente Villada","México","SSA","MCSSA001636","0"
"Hospital General San Miguel Allende¨ Felipe G. Dobarganes¨","Guanajuato","SSA","GTSSA000310","0"
"Hospital Materno de San Luis de La Paz","Guanajuato","SSA","GTSSA017472","0"
"Hospital General San Luis de La Paz","Guanajuato","SSA","GTSSA004003","0"
"Hospital General San José Iturbide","Guanajuato","SSA","GTSSA016912","0"
"Hospital General de Zona No. 1","Colima","IMSS","CMIMS000186","0"
"Dr. Miguel Trejo Ochoa","Colima","ISSSTE","CMIST000010","0"
"29/o Batallón de Infantería","Colima","SEDENA","CMSDN000040","0"
"Hospital Regional Universitario","Colima","SSA","CMSSA000125","0"
"Hgz 98 Coacalco","México","IMSS","MCIMS000080","0"
"Hgzmf 76 Xalostoc","México","IMSS","MCIMS000232","0"
"H.g. Dr. José María Rodríguez","México","SSA","MCSSA002184","0"
"Hgz 68 Tulpetlac","México","IMSS","MCIMS000990","0"
"H.g. Dr. Maximiliano Ruíz Castañeda","México","SSA","MCSSA004074","0"
"Hgzmf 28 Martinez Torre","Veracruz de Ignacio de La Llave","IMSS","VZIMS000651","0"
"Hospital General de Agua Prieta","Sonora","SSA","SRSSA017671","0"
"Nogales","Sonora","ISSSTE","SRIST000174","0"
"Hospital General de Zona No. 5","Sonora","IMSS","SRIMS000920","0"
"Hospital General de Cananea","Sonora","SSA","SRSSA006285","0"
"Hospital Comunitario de Magdalena","Sonora","SSA","SRSSA006290","0"
"Hgz 13 Matamoros","Tamaulipas","IMSS","TSIMS000211","0"
"Dr. Manuel F. Rodriguez","Tamaulipas","ISSSTE","TSIST000071","0"
"Hg Hospital General de Matamoros Dr. Alfredo Pumarejo","Tamaulipas","SSA","TSSSA001031","0"
"Puerto Vallarta","Jalisco","ISSSTE","JCIST000086","0"
"Hgz 42 Pto. Vallarta","Jalisco","IMSS","JCIMS000692","0"
"Hospital Regional de Puerto Vallarta","Jalisco","SSA","JCSSA004230","0"
"Hospital Comunitario Mascota","Jalisco","SSA","JCSSA003583","0"
"Hgz 2 Cardenas","Tabasco","IMSS","TCIMS000022","0"
"Hospital Nuevo Gomez Palacio","Durango","SSA","DGSSA002414","0"
"Hgz 51 Chapala","Durango","IMSS","DGIMS000095","0"
"Hgz 46 Gomez Palacio","Durango","IMSS","DGIMS000083","0"
"Hgr 45 Guadalajara","Jalisco","IMSS","JCIMS000366","0"
"Hgz 89 Guadalajara","Jalisco","IMSS","JCIMS000342","0"
"Hospital Militar Regional de Guadalajara Jal.","Jalisco","SEDENA","JCSDN000010","0"
"Hgz 14 Guadalajara","Jalisco","IMSS","JCIMS000330","0"
"Hospital Integral Angostura","Sinaloa","SSA","SLSSA000193","0"
"Hgsmf 30 Guamuchil","Sinaloa","IMSS","SLIMS000411","0"
"Hospital General de Guamuchil","Sinaloa","SSA","SLSSA018113","0"
"Hospital Integral Mocorito","Sinaloa","SSA","SLSSA001716","0"
"Hg Oaxaca Dr. Aurelio Valdivieso","Oaxaca","SSA","OCSSA000985","0"
"Presidente Benito Juarez","Oaxaca","ISSSTE","OCIST000112","0"
"Hospital Militar de Zona de Ixcotel Oax.","Oaxaca","SEDENA","OCSDN000031","0"
"Hg Cuicatlan Dr. Alberto Vargas Merino","Oaxaca","SSA","OCSSA002052","0"
"Hc Villa Sola Vega","Oaxaca","SSA","OCSSA021116","0"
"Hc Tlacotepec","Oaxaca","SSA","OCSSA018736","0"
"Tecmeculan","Oaxaca","SSA","OCSSA018922","0"
"Hg San Pablo Huixtepec Dr. Manuel Velasco Suárez","Oaxaca","SSA","OCSSA003406","0"
"Celaya","Guanajuato","ISSSTE","GTIST000045","0"
"Hospital Materno Celaya","Guanajuato","SSA","GTSSA017530","0"
"Hgz 4 Celaya","Guanajuato","IMSS","GTIMS000062","0"
"Hospital General Celaya","Guanajuato","SSA","GTSSA000766","0"